00
491|401
707|496
276|427
244|285
414|250
250|715
250.03|511
493|397
507|424
411|250
401|496
250|401
707|825
250.01|998
511|491
425|493
496|729
V10|250
852|E825
411|276
250.01|411
413|794
295|794
518|250
571|427
785|285
197|250.52
428|424
496|401
276|428
536|337
401|250
996|403
428|250
424|401
250|414
340|710
584|599
518|728
425|250.02
728|276
250.8|401
682|250
428|496
V42|250.53
428|416
440|244
425|429
413|250.42
585|403
303|70
250|784
491|V46
426|790
250.01|276
536|263
305|300
250|278
185|250
427|285
402|250
786|401
38|995
511|V09
414|V45
250.92|403
250.02|218
428|584
530|250
41|V09
864|250.01
440|414
414|250.5
272|250
250.41|403
486|496
285|41
276|276
581|276
486|799
427|V58
V54|V43
250|272
438|331
V43|V58
250.02|295
707|681
428|427
428|486
427|427
250.02|272
?|401
280|276
599|682
496|250
599|340
276|V12
595|E879
277|250
279|41
427|998
349|112
560|789
403|276
V42|244
250|719
414|402
413|250
426|401
402|731
428|276
401|285
428|465
496|41
305|276
250.1|342
584|585
496|780
496|276
250.6|412
427|428
599|591
424|425
198|276
276|V42
722|780
250|274
250|716
496|296
456|414
585|786
560|250.02
401|274
276|518
434|486
414|401
799|414
427|348
V43|250
496|327
344|368
995|599
584|560
584|250
599|276
250.02|401
427|585
280|427
496|414
530|272
402|428
411|305
403|V15
250.01|715
780|599
784|288
250|780
70|287
351|401
403|V42
571|303
599|707
V42|250.01
511|285
707|250.7
710|401
250.42|403
510|446
403|162
599|436
427|196
V42|250.41
481|204
305|425
411|496
733|731
342|401
250.01|653
410|535
288|287
340|250
276|401
496|518
486|428
E932|250
496|V62
518|403
707|276
425|70
599|427
591|425
728|729
280|491
427|411
276|403
276|733
428|414
584|276
428|599
707|378
428|788
E939|296
424|285
250.8|707
585|V45
401|426
788|250.01
250.03|599
396|V10
401|272
786|250
599|459
590|560
250.01|244
276|285
300|278
250|V58
780|780
585|427
452|571
723|401
414|998
453|444
278|250.6
V18|?
995|414
250.02|V45
590|276
998|285
707|682
788|424
276|294
535|536
682|427
250|280
244|250
276|584
560|401
411|427
349|250.43
276|250
491|250
540|425
250.12|584
427|997
997|518
250|300
428|425
362|374
411|401
569|285
682|599
276|433
250|244
575|288
V49|250.82
552|403
599|413
203|287
426|425
196|733
995|250
492|427
250|664
V62|250
295|285
250.6|357
427|813
276|?
584|403
730|682
584|491
250.01|309
707|250
427|250.02
276|496
413|135
625|250
280|402
305|250
401|425
403|285
428|413
493|295
403|584
250.01|287
V85|425
348|507
276|272
276|780
424|414
585|428
427|290
V45|V10
496|427
155|707
150|198
427|403
426|411
599|79
799|491
162|555
403|250
E849|716
V45|790
584|349
427|810
427|426
491|527
491|723
428|591
202|496
862|338
851|721
466|285
250.52|250.42
42|250.4
278|244
411|493
585|424
535|535
425|276
401|784
707|27
401|593
707|731
E849|401
250|332
494|447
250.43|250.53
41|401
438|438
796|428
276|681
276|V10
536|401
414|411
599|584
410|428
403|585
250.6|493
733|719
585|438
780|427
V45|401
162|196
428|518
997|432
427|584
496|250.01
250.02|724
425|403
155|532
682|707
287|414
305|42
376|250
427|414
425|401
599|403
357|369
493|250
709|250
440|585
424|427
599|401
403|V49
70|780
682|728
569|250.02
296|733
425|250
780|401
682|250.6
250|V15
276|250.02
707|584
276|426
780|304
565|250
403|V45
V45|410
V49|294
305|250.02
780|250.6
518|276
427|496
284|784
997|560
E950|295
250.82|682
250.02|599
492|783
413|425
585|278
197|427
578|285
403|250.4
280|E888
730|41
70|411
782|250
276|280
411|412
730|443
427|786
710|715
280|780
413|276
428|428
250.02|294
411|996
276|110
404|584
496|218
780|426
428|585
707|425
491|286
197|197
997|403
728|275
?|?
788|496
518|427
825|838
197|574
250.01|427
E868|250
276|250.01
276|491
250.02|608
305|V64
518|507
250.4|585
518|511
486|276
427|599
491|733
427|276
599|995
263|276
574|250
276|789
250.01|493
403|275
599|278
411|491
276|250.82
411|414
562|428
285|571
250.2|584
414|412
496|280
415|250
427|517
591|590
E932|401
250.01|501
428|780
250.7|V49
599|428
511|518
427|486
250.11|276
425|427
412|401
41|E929
785|401
416|574
682|428
724|788
428|294
276|599
786|453
707|428
276|150
560|707
250.01|805
285|250
424|304
250|756
E858|410
585|496
411|402
41|604
135|518
428|403
250.12|276
413|V45
250.01|401
285|?
682|250.02
427|785
507|478
E924|E849
427|458
276|536
250.02|575
425|998
410|486
428|787
280|788
713|682
250|?
576|41
379|E878
599|562
280|614
578|295
428|250.92
428|998
250|787
572|198
202|250
428|70
599|790
295|401
585|285
578|211
789|599
434|427
V43|285
784|401
619|250
782|276
491|250.01
707|427
295|305
584|272
250.22|276
790|250
557|562
572|780
709|345
425|585
403|428
287|250
250|729
427|518
486|348
585|250.43
433|782
562|250
492|518
789|250
486|250.9
424|244
427|396
403|535
440|403
788|428
568|250
491|272
710|714
276|250.6
427|491
250.02|276
574|276
250|601
424|397
340|276
38|785
331|726
599|496
576|530
403|250.01
276|295
250.02|41
V17|250
411|998
276|112
586|427
682|253
197|198
585|414
285|737
584|425
201|493
292|276
785|728
550|V49
276|790
574|227
250.02|331
250.6|250.83
250|305
427|211
401|437
564|V45
250.8|571
591|414
250.53|362
428|491
396|397
272|616
305|427
585|425
287|578
286|493
250|530
731|730
599|250.41
403|496
305|305
285|788
V62|278
424|280
V17|786
486|401
411|250.8
304|724
349|723
211|401
V42|V42
599|250
250.41|585
578|250.02
401|721
486|493
427|250
41|250
515|250.6
799|276
413|272
V43|428
794|272
413|250.6
424|250.01
276|424
428|278
276|560
401|412
250.02|511
263|287
577|41
205|41
204|287
585|799
596|788
705|401
496|428
250|429
428|255
486|427
411|428
205|284
250.7|443
250.02|626
276|309
891|E818
94|707
E885|E849
707|250.6
427|272
250.92|805
403|996
427|593
440|707
278|276
574|560
785|41
V10|788
569|785
491|486
707|707
401|185
295|296
274|250.9
785|707
250.93|730
491|278
518|402
486|491
572|285
162|197
403|410
202|284
780|276
411|530
250.92|707
425|428
292|682
250.02|V58
599|288
780|E932
787|250
428|411
785|250.6
196|568
784|250
491|599
250.01|V45
515|496
250.02|403
244|401
404|585
427|600
411|250.03
250.02|595
403|185
276|787
490|401
496|211
788|664
285|599
724|401
250|V45
244|427
729|250.01
285|414
584|785
424|492
403|492
693|250
571|250
728|402
443|782
358|481
438|599
280|996
V70|427
250.6|250.53
250.01|305
511|997
440|682
250.41|250.6
368|250
581|584
433|342
250.02|342
461|276
722|564
250|427
682|596
410|401
457|682
413|414
599|250.02
427|203
E932|276
507|730
162|427
138|550
V42|403
198|599
453|453
427|401
428|707
401|300
427|425
922|401
599|250.6
719|729
250.6|536
599|41
428|250.02
E879|141
424|725
250|298
567|250.41
250.43|403
729|250
V42|276
780|492
496|413
276|558
511|157
794|401
491|577
414|250.02
584|428
492|250
285|714
493|401
574|574
518|250.92
276|415
706|41
285|427
427|412
252|427
784|780
250|558
309|250
280|621
714|790
615|276
276|250.12
682|E879
428|799
394|584
786|403
428|714
250.13|486
432|E812
781|250
250|799
998|V43
785|276
787|276
8|424
V85|558
585|998
427|250.6
285|535
411|794
598|285
410|285
578|496
411|518
293|276
276|490
404|285
595|788
496|303
428|401
794|786
518|496
436|428
362|389
112|250
599|599
726|716
427|287
571|70
577|276
424|424
250.01|295
584|285
276|998
491|250.02
707|401
278|250
401|414
496|208
276|70
250.02|428
250|462
591|250
380|401
305|401
V58|276
424|E849
958|730
250.8|355
788|596
428|997
70|276
276|153
342|250
197|516
620|616
496|585
486|250
724|250
440|581
250.02|397
465|?
414|272
486|414
V46|250
327|250.5
E849|428
453|401
296|401
518|786
411|V45
250.03|414
348|276
414|427
599|574
496|424
250.02|424
577|250
473|401
682|585
428|682
465|250
518|491
799|185
882|E906
401|794
648|250.03
285|401
250|V17
196|250
731|707
250.51|250.6
250.01|789
784|729
412|414
70|8
434|342
250.01|530
403|414
518|E865
276|788
780|250
434|424
402|250.4
599|291
250.92|401
411|250.01
425|514
969|780
171|V12
285|531
305|585
998|424
285|413
491|276
276|162
311|250
511|250.02
296|V09
567|789
8|250
301|276
250.01|428
413|571
295|342
285|290
785|681
346|250
571|V42
599|162
250|493
250.02|466
995|276
441|287
572|287
584|250.21
511|584
41|211
648|659
780|440
421|790
424|428
997|427
424|250
496|272
535|585
728|250
959|250
425|424
600|788
288|733
225|401
682|41
276|203
486|599
8|788
591|780
519|491
585|250.01
584|591
491|707
780|414
250.6|411
250.4|403
727|250
496|V12
272|401
415|728
276|38
300|301
790|571
493|414
428|?
289|453
599|998
415|560
403|427
413|401
584|402
599|E879
996|411
711|696
730|731
250.5|250.6
738|250
585|38
428|438
424|599
722|250
707|741
250.02|733
784|293
437|250
496|197
599|437
794|716
403|287
491|V15
491|300
38|518
599|425
591|562
444|427
496|716
250|722
424|276
303|250
707|204
250.03|714
V45|585
493|799
250.6|424
591|729
493|707
414|416
280|562
276|414
682|496
425|593
411|284
250.02|427
280|401
197|199
789|403
786|250.6
564|250
473|250
305|V08
427|V45
303|287
427|294
707|250.8
285|250.01
486|584
707|599
574|427
V10|244
250.11|250.6
292|998
585|250.6
496|535
41|414
401|250.6
682|262
496|285
599|433
411|585
790|358
346|?
496|E885
438|250
578|280
250.6|250.7
496|286
574|401
682|786
413|997
425|584
401|478
491|435
465|V08
459|707
719|721
496|997
135|414
566|250.4
997|263
788|250
428|506
284|786
38|486
516|410
998|724
250.01|556
337|250.6
599|799
425|411
V58|527
112|591
250.81|646
276|250.8
250|70
250.02|585
280|558
250.01|496
305|244
496|998
707|376
707|41
585|682
42|486
707|785
428|250.01
553|250
218|250
558|790
518|780
286|401
850|845
426|414
276|728
486|585
413|496
486|403
733|726
250.6|414
311|V62
807|E885
426|427
296|276
285|338
38|250
348|250
584|535
428|420
707|454
427|562
401|70
411|786
599|138
41|276
710|599
261|401
V45|V45
812|250
42|477
332|250
396|V43
567|585
425|693
729|278
284|401
729|459
707|403
599|715
197|562
250.13|112
530|401
280|428
599|294
578|530
584|518
250.01|553
599|530
805|518
786|530
584|250.82
250|402
427|416
648|250.01
250.01|403
E885|486
295|578
535|530
99|401
427|288
250.02|998
250.52|276
218|278
428|396
491|402
710|413
162|780
790|250.02
250|365
250.6|V15
715|272
151|250
300|250.6
787|V45
642|250
710|135
373|V08
577|357
272|250.6
996|V14
492|428
309|301
V42|287
453|585
202|135
995|38
518|707
487|255
211|562
428|V58
42|41
292|333
493|305
154|V58
728|428
220|250
428|250.41
287|437
998|496
493|428
789|8
412|250
250|496
518|553
997|411
599|292
276|425
736|V43
934|466
276|786
707|250.01
663|250
250.01|785
427|707
280|250
585|250.52
824|845
530|562
427|493
250.01|648
426|285
727|414
920|814
428|V45
292|250.93
V85|461
729|428
295|787
300|296
491|425
414|443
427|492
443|250
733|250
274|715
276|V45
427|710
428|402
203|250
998|428
428|250.4
280|211
?|427
70|285
401|9
585|250
730|244
438|729
590|590
511|414
428|493
584|287
571|496
496|331
233|401
250.8|788
682|744
403|599
511|112
276|368
482|250
403|789
591|V10
780|727
575|997
250.6|707
453|162
535|340
414|414
204|401
197|401
715|250
482|250.12
453|784
659|250
403|593
614|V10
280|442
414|745
786|493
786|780
197|158
94|276
348|250.6
250.03|659
707|250.02
250.02|616
250.01|786
599|434
427|424
V17|401
428|996
401|V45
799|250
453|428
575|250
401|250.5
285|276
536|250
784|345
753|250
428|280
276|782
250.01|V23
413|304
411|854
250.7|707
599|486
255|250.8
276|781
414|426
780|318
435|427
481|482
278|401
428|185
996|250
427|789
285|596
368|305
388|525
860|E884
518|424
440|518
518|401
873|873
250.42|428
780|786
397|518
276|V15
V45|995
682|995
300|401
996|286
250|443
790|V43
599|493
518|300
401|780
401|250.01
401|V15
303|728
285|E816
648|250
781|437
599|426
496|458
794|784
518|250.02
162|250
276|799
453|V10
319|401
272|244
444|403
V85|786
282|780
250.02|E942
401|493
682|250.51
425|996
162|198
584|424
276|263
786|V62
198|V10
295|496
276|493
453|250
591|599
560|599
244|V45
415|442
V58|162
250.6|428
286|250.02
584|780
276|342
294|401
250.01|453
401|?
198|428
250.02|414
250.13|427
998|998
293|294
403|304
496|278
V57|V43
250.6|250.42
564|V10
565|455
250.02|719
427|252
478|780
276|682
276|453
280|305
285|250.02
790|428
250.01|654
571|305
746|424
438|723
584|493
553|530
250|710
193|593
V45|250
411|287
V12|357
784|396
240|250
465|V15
250|V13
782|493
482|416
493|272
250.03|401
411|411
414|410
V45|413
V49|403
788|585
286|427
578|486
583|403
518|348
70|428
250.01|272
427|578
496|396
441|496
250.03|293
518|799
569|562
280|250.02
457|459
536|535
733|733
787|250.6
396|599
813|427
292|435
250|296
401|719
250.03|643
284|428
V58|401
276|278
303|496
536|250.02
411|424
433|250
162|414
413|736
627|620
789|569
599|331
250|593
493|250.1
293|E900
70|305
569|403
571|289
356|250
486|438
781|414
585|426
496|576
424|250.6
434|401
440|427
250|V12
493|E849
493|287
416|784
280|530
284|198
918|305
584|682
481|995
701|250
250.02|780
584|427
574|278
403|443
585|707
V54|250
410|707
295|335
276|E934
304|309
413|427
414|782
585|511
443|401
682|440
487|482
287|250.02
780|518
560|V15
594|596
425|426
427|434
430|396
V62|338
682|730
599|596
528|250
414|425
202|599
428|263
496|442
200|250
295|515
294|250
251|E932
996|428
557|578
427|V43
285|812
788|998
276|586
281|250
250.02|531
41|279
428|287
496|193
707|585
276|253
250.01|784
414|428
585|V44
403|425
437|438
135|250
398|427
287|276
250|349
285|V55
427|402
786|V12
250.6|250.51
496|70
293|285
491|305
511|453
E888|250
840|E927
305|402
648|648
428|285
682|457
496|786
38|263
280|218
601|599
261|518
812|812
276|250.42
591|403
250.83|276
590|401
401|294
567|403
427|433
250.03|492
304|401
599|305
710|583
250.02|519
135|250.01
780|250.92
427|E885
250.01|729
285|197
491|162
303|300
496|295
428|786
E888|283
295|625
276|311
355|250
496|V43
250.8|414
625|401
648|652
293|401
250.02|304
719|V54
785|427
250.1|414
295|568
E878|276
290|596
593|401
403|250.51
410|427
781|781
280|584
511|682
411|429
588|585
263|578
402|273
425|416
250.12|599
491|295
496|250.02
250.02|278
294|290
38|250.01
535|455
437|403
250.02|438
203|997
250|564
591|787
492|414
403|583
845|496
648|V27
250.02|535
428|410
584|8
511|276
706|401
250.02|?
780|578
807|402
280|786
576|157
276|41
784|E949
38|456
425|8
411|250.41
496|571
507|410
411|278
V10|V43
272|721
486|465
511|401
332|427
135|425
584|250.92
V42|571
250.43|V46
285|V45
276|185
719|414
401|244
681|278
780|782
427|250.01
444|496
453|578
682|E944
V43|599
423|413
996|599
491|403
285|278
427|787
425|515
562|682
250.01|599
572|276
599|585
276|287
403|453
491|581
250.82|595
276|707
647|250
280|V43
285|E885
584|337
346|250.01
584|466
427|812
515|458
780|E878
599|263
276|305
79|250
799|496
415|599
782|401
599|556
585|250.41
789|70
410|491
428|511
783|738
242|413
428|782
202|414
745|786
721|724
785|428
443|405
426|428
250.92|V15
584|511
295|493
300|785
250.81|571
295|293
707|362
466|250
591|250.01
309|493
285|303
820|865
V63|428
198|250
276|300
157|276
566|780
491|414
250.01|?
E888|719
250.5|362
682|250.01
401|716
518|255
242|V54
596|276
788|996
518|8
496|403
569|244
280|531
482|428
201|571
274|401
V49|427
301|301
516|276
599|646
493|250.13
577|280
280|783
682|202
295|250
785|426
486|272
427|682
607|735
250.02|515
276|E885
486|197
396|427
427|712
300|300
E944|401
556|496
424|585
564|250.6
599|348
567|577
284|789
304|486
780|305
715|V43
599|198
870|802
E878|440
357|401
428|250.6
V58|414
784|787
250.01|593
415|250.03
996|427
465|344
413|428
570|70
792|211
410|518
218|620
728|427
535|276
E885|357
250.02|425
428|V10
428|745
197|414
E888|331
244|250.4
250.8|782
396|250
790|41
413|403
276|438
398|428
535|401
250.82|731
518|585
493|112
426|424
486|V45
788|276
250.02|V12
486|38
578|250
569|564
282|493
276|573
493|276
425|496
285|V54
840|726
518|428
E884|E849
905|250.01
428|696
585|294
585|203
428|415
555|427
333|250
275|238
496|425
250|454
426|250
794|276
790|599
577|263
162|518
707|285
427|V42
530|531
191|305
552|?
792|401
459|250.8
496|515
401|729
404|428
507|427
285|428
424|681
569|276
304|303
507|38
867|599
340|401
998|707
250|285
250.6|719
719|285
250.52|491
599|V42
331|250.6
198|285
785|250.7
424|404
785|682
276|784
401|278
284|250
292|309
998|543
283|401
805|812
518|530
787|575
491|511
250.01|558
250.01|300
250.02|446
428|560
584|250.4
305|301
E885|250
453|599
291|496
997|787
493|V45
276|595
428|250.7
250|V43
250.02|112
198|427
425|305
492|401
861|865
444|443
682|250.8
496|715
V85|402
729|722
411|790
997|425
250.6|358
272|250.5
250.5|250.4
601|401
250.53|250.43
496|112
416|250.02
759|401
492|707
998|618
403|958
511|427
780|E850
250.81|730
790|518
998|427
707|438
403|722
995|584
496|305
496|558
276|591
403|305
785|303
726|401
493|250.01
276|E849
V85|428
786|414
780|E849
276|296
599|780
996|530
585|458
998|622
585|996
799|250.02
585|276
706|250
250.82|250.6
287|250.4
319|250
492|599
707|730
284|154
453|272
410|276
575|38
920|E849
785|599
682|906
153|250
285|997
486|453
286|250
411|250.92
428|250.8
681|250
535|211
780|294
486|138
455|272
250.01|425
599|787
434|402
648|665
280|532
496|V46
491|428
41|714
998|?
625|614
197|576
416|401
8|579
250.82|250.42
V85|250.02
562|995
428|272
411|997
435|784
V15|276
285|790
733|401
284|286
70|E933
428|E818
446|790
255|301
789|276
634|250.02
493|593
135|517
38|574
486|250.02
710|585
272|276
276|E888
403|518
592|340
496|486
38|286
250.02|571
425|481
157|285
V58|250
250.02|786
295|V15
571|244
250.6|438
300|250
780|584
715|401
784|427
288|414
599|788
411|250.02
276|585
288|560
576|496
780|438
780|729
403|707
805|923
599|112
785|998
295|250.02
433|V45
276|492
198|788
250.12|41
535|250
518|789
295|473
401|782
286|250.6
112|401
599|414
196|174
996|905
733|250.01
605|?
493|V85
496|282
411|285
276|458
V72|V58
293|780
263|295
244|V58
730|440
518|453
441|427
433|250.82
411|272
386|401
998|599
681|V58
428|423
357|V58
590|591
198|197
996|558
250.42|585
537|401
999|250
781|250.02
284|599
285|288
303|311
998|250.5
560|518
401|427
401|250.4
998|41
584|404
250.03|41
250|V49
560|493
401|530
996|E878
595|250.02
E888|401
585|584
432|250.02
250.42|496
577|401
285|250.41
802|403
780|726
403|416
799|428
250|311
530|578
728|E932
425|414
599|784
162|276
599|558
292|304
781|401
427|440
530|?
811|E816
411|403
780|574
585|444
820|599
250.02|584
783|787
153|491
424|719
584|293
427|530
786|427
493|745
41|250.02
511|250.01
291|303
296|E813
730|707
787|383
620|250
280|E932
837|825
428|303
?|331
250|785
411|784
162|496
808|585
276|527
453|511
427|625
518|558
599|E888
424|434
571|599
458|427
784|272
285|562
789|401
331|293
427|535
682|401
788|295
448|603
789|?
112|272
780|564
250.4|493
571|401
591|592
518|446
250.6|337
250.92|786
715|729
491|285
250|553
789|250.8
278|272
285|530
276|581
785|584
401|512
491|287
250.81|276
162|208
996|785
682|424
724|V45
250.92|428
413|250.02
151|197
E878|250
518|486
493|478
397|414
998|250.02
518|584
276|304
682|272
272|300
305|250.01
441|780
277|250.03
410|250.02
153|197
263|414
721|V45
556|599
571|E933
278|305
493|327
807|E888
493|959
584|250.1
577|293
294|296
458|250.6
294|486
411|244
V63|276
496|593
E932|294
403|198
446|530
250|346
490|599
403|282
493|518
428|789
414|440
428|492
424|410
729|784
396|410
428|923
250|288
196|276
574|250.01
511|250
250.6|278
403|355
998|414
250.01|342
496|411
496|433
722|V72
562|112
280|585
998|250
196|250.02
293|585
348|599
401|V10
780|E939
608|414
427|398
V43|414
585|349
518|278
569|V10
250.01|285
491|V13
295|197
530|427
733|276
435|250
530|536
V15|V12
250.02|722
410|414
38|403
403|250.6
8|733
250|685
453|872
512|250.01
496|135
304|305
403|780
250.01|V58
344|414
780|998
437|414
428|378
250.8|294
590|250
368|784
599|V45
287|412
293|599
584|38
413|250.92
285|211
253|562
996|730
250|275
38|276
480|401
493|427
428|922
242|401
427|?
414|788
402|250.02
427|E878
410|578
997|788
584|571
250.8|295
348|V45
599|285
250.02|648
155|197
737|250
285|780
585|599
421|427
997|682
786|786
466|401
276|724
518|599
276|813
496|453
250.03|593
8|427
413|285
428|202
250.02|241
283|569
305|V14
250.01|280
681|250.6
515|V46
198|721
411|250.6
584|197
303|291
707|713
780|E935
585|162
784|784
250.41|682
299|41
197|285
707|272
70|250
403|272
202|401
331|41
584|413
205|285
42|112
578|599
305|?
189|198
250.01|331
285|E818
790|682
428|V42
440|?
250.52|401
331|401
V58|V43
590|38
403|94
295|V58
428|311
413|V10
250.53|V42
496|596
564|309
424|250.13
493|724
571|493
840|250
250.02|396
424|342
E888|276
404|250
70|490
607|605
427|443
493|V58
150|427
515|710
788|401
250.01|642
197|496
V72|412
296|278
453|427
434|515
592|592
250.02|682
250|426
427|435
443|272
492|780
453|202
250.6|401
428|162
250.6|288
218|616
785|486
410|415
511|585
295|575
263|428
250.13|276
250.01|414
53|250
274|250
70|493
276|242
535|571
577|785
434|428
511|196
715|250.6
276|255
250.41|581
411|280
401|290
451|276
493|300
518|618
785|414
574|285
427|311
414|530
401|276
799|?
172|403
401|V12
238|780
491|426
342|784
496|162
512|162
569|250
293|?
250.82|707
301|250
276|466
250.22|428
736|250
781|724
402|272
585|280
873|E849
785|?
593|428
996|413
433|433
584|401
411|286
41|E878
998|733
E878|427
998|682
303|401
38|585
714|402
E880|E849
394|250.92
250.92|414
E880|873
434|507
250.41|642
263|278
965|787
413|281
413|250.01
780|593
496|301
552|496
196|185
V42|250.51
285|785
250.6|518
707|V58
401|536
205|414
455|401
428|426
305|780
710|716
552|401
157|197
285|553
276|250.2
788|198
421|38
365|564
410|585
427|788
729|401
567|496
788|414
411|396
730|250.6
411|785
571|250.8
250.02|346
490|593
250|331
996|414
707|440
584|396
786|784
572|572
280|571
410|996
276|710
438|276
403|250.41
788|53
730|785
250|284
728|41
250|437
486|518
285|250.92
303|790
572|151
578|571
493|244
790|287
410|250
250.02|242
V15|396
707|571
789|787
427|780
250.82|574
403|250.82
786|496
592|414
425|250.4
428|250.03
518|414
996|285
V64|250
507|425
710|295
780|357
578|428
218|618
410|305
496|490
727|727
797|250
595|428
820|913
560|250
276|571
250.02|785
280|403
250.33|276
491|995
291|41
250.02|660
780|290
491|585
444|707
805|511
112|787
E933|?
426|?
53|428
202|285
428|41
V42|785
202|522
284|203
250.5|414
294|250.02
250.6|250.52
287|780
V15|250
571|286
428|250.52
682|733
280|496
413|492
357|250.6
496|584
242|684
112|263
728|250.03
V12|250
276|486
427|920
707|250.03
446|518
428|458
285|518
250.01|892
401|599
53|204
428|V85
276|250.4
799|288
585|514
611|250.6
276|995
412|411
427|286
780|428
250.02|945
789|285
560|404
453|426
276|693
250.01|722
552|702
493|278
162|428
250|656
724|427
250|403
599|317
276|V58
789|576
812|?
41|425
783|719
V42|112
571|789
294|787
344|724
429|250
427|512
357|276
591|285
453|591
250.01|882
300|564
414|331
250.6|112
251|250.01
444|250
507|438
196|197
491|427
287|401
707|94
466|493
447|401
401|296
138|745
427|438
342|787
8|401
202|250.6
738|722
250|V10
282|V10
304|496
711|712
486|162
599|781
425|303
261|427
250.13|V08
644|655
575|276
453|496
458|276
515|250
276|731
413|531
682|276
278|296
707|807
338|250
792|250
441|425
648|642
250.02|305
707|V85
427|576
599|290
53|250.02
295|585
882|41
263|8
786|511
562|434
584|581
578|458
112|995
564|414
869|E892
280|578
V45|428
599|729
784|342
250|242
V42|250
276|131
496|402
312|401
424|138
250.6|263
276|244
295|292
783|294
599|410
496|710
724|720
585|588
250.7|785
289|304
490|250
710|707
250.02|790
204|288
250.82|377
250.01|564
305|571
518|340
402|412
250|465
285|459
250|413
413|599
536|V15
728|599
599|272
E888|E849
250.22|425
276|791
250.01|41
741|276
515|V12
280|535
309|401
V45|250.4
496|574
340|518
558|276
411|780
403|V85
440|440
427|719
410|199
V42|414
414|715
402|413
425|250.01
413|443
296|250
780|287
424|278
V42|401
571|250.01
280|556
719|V43
?|493
787|496
996|V43
E950|300
477|250
491|784
305|272
327|466
414|294
707|E929
157|518
576|428
250|V64
295|276
496|516
403|511
999|250.01
203|794
574|V85
250.01|721
492|788
112|736
344|564
591|596
414|789
585|440
250.82|414
402|424
398|396
515|276
733|208
873|920
425|780
250.02|433
466|79
414|403
403|V12
413|584
196|427
682|573
291|250.02
435|276
401|V58
438|997
V15|401
305|70
304|250.02
433|204
V45|V15
276|465
719|250
996|707
250|788
998|780
733|724
599|38
344|453
584|426
414|686
188|788
453|250.01
428|293
707|255
285|496
413|595
826|E880
357|250
493|788
583|250.5
250.82|305
707|996
496|789
287|V42
342|153
V85|278
466|E849
196|198
997|250
296|458
567|584
599|V54
786|491
250.01|296
621|496
300|414
729|272
584|278
593|414
584|368
722|414
416|396
440|250
786|715
571|574
599|745
487|250.42
785|250.81
250.22|70
424|135
357|682
396|518
465|518
276|E936
296|333
591|584
250.83|317
681|681
599|518
250|V42
427|560
394|287
285|477
584|536
276|997
286|518
733|428
719|255
682|E878
250.01|682
812|726
425|599
531|530
70|571
496|284
V63|401
558|562
285|998
780|425
432|784
427|429
285|533
724|727
413|79
309|E947
204|511
357|574
331|294
250|533
211|535
198|162
441|401
250.02|659
276|593
496|287
714|250
599|424
258|787
440|905
511|530
404|414
844|E885
780|300
585|288
411|V65
250|433
276|E942
584|790
344|781
304|250.6
440|285
285|578
250.4|583
493|473
263|707
585|569
427|V12
591|585
805|250.92
414|585
453|707
584|414
568|311
997|512
276|413
V45|403
682|304
285|V85
250.13|V42
238|250
348|305
427|202
331|787
403|582
427|280
493|621
787|729
250.02|135
427|595
211|211
70|789
728|295
424|496
276|275
425|440
486|995
E885|276
290|428
424|413
581|521
789|571
907|780
584|411
250.03|427
410|244
272|311
413|424
285|E880
426|V42
425|41
553|593
429|414
250.02|244
459|V72
319|521
427|250.82
496|482
573|737
530|276
285|713
280|707
785|286
197|428
996|276
537|285
466|250.02
793|790
786|585
403|424
276|881
507|788
618|623
518|515
808|518
573|250
780|V72
250.12|410
425|402
584|788
404|486
600|250
424|356
707|735
425|491
562|401
707|424
577|786
403|278
682|716
535|285
682|261
428|514
496|562
280|311
413|780
711|730
V85|276
250.01|110
560|250.5
458|250
250|V85
710|272
599|386
427|E947
154|707
414|429
577|560
414|250.6
290|437
730|401
250.02|285
285|287
451|414
453|285
568|562
428|340
414|724
428|466
998|580
250.02|788
599|511
711|250.01
682|785
780|496
250.81|V42
821|401
997|401
358|244
847|847
617|218
997|553
112|799
410|599
428|711
276|553
423|414
492|530
197|584
514|250.01
401|305
851|427
599|250.82
491|250.03
512|V15
70|414
593|433
263|250
786|486
535|553
293|275
518|V45
250.02|200
E928|250
780|908
723|719
507|780
453|250.02
303|569
287|342
850|427
250.02|492
560|250.42
250|41
345|300
242|250
287|V10
284|204
285|412
496|530
730|496
794|427
398|285
196|789
974|403
722|401
250.03|?
304|276
648|424
V63|250.52
566|250.02
531|537
707|595
572|995
789|183
411|440
428|727
V85|719
8|203
250.6|250.43
250.03|V15
272|414
577|577
250|733
414|783
577|250.53
603|585
642|648
372|414
577|414
682|250.42
682|998
365|401
511|V58
250.01|582
518|466
608|493
518|218
285|250.8
652|648
420|496
285|E888
276|293
38|998
578|286
403|70
287|285
518|295
724|789
440|401
428|455
V12|401
401|413
342|333
162|401
780|591
707|294
574|425
276|969
581|599
578|396
518|311
789|305
8|276
250.03|652
250.41|780
V58|466
V10|401
276|345
250.6|276
591|401
250.01|E885
424|411
780|250.4
242|241
780|V46
434|250.4
496|519
987|493
786|E849
294|414
250.8|786
427|570
284|276
401|714
511|428
428|434
426|410
786|714
197|157
196|285
197|272
569|578
V57|V57
784|298
599|728
496|591
599|242
607|733
428|250.43
681|401
996|560
728|922
303|912
599|564
250.42|250.6
723|355
592|591
250|327
682|413
276|440
278|V85
V64|401
707|518
923|401
238|238
427|163
807|923
790|276
682|287
414|244
560|998
491|799
496|244
337|427
250.4|571
710|403
584|V42
425|250.8
560|564
250.02|709
730|250
185|275
577|997
250.01|426
991|553
440|731
812|401
427|564
290|353
453|584
496|611
427|41
424|426
424|288
578|41
486|780
425|244
491|303
451|707
428|250.51
784|781
E942|414
41|532
511|162
574|202
V42|427
402|425
536|276
998|571
558|250
250.92|389
459|402
250.01|824
788|278
909|E878
593|250
276|250.41
518|458
276|197
211|41
292|414
434|780
244|530
428|297
250.03|276
V85|401
496|V49
414|496
E939|496
284|427
293|496
753|728
599|V10
276|250.23
E888|225
344|240
38|305
276|530
492|724
250.01|790
427|305
285|411
799|427
947|E861
403|38
682|404
958|250.01
518|493
272|530
569|305
295|414
38|250.1
599|435
496|412
585|110
584|250.01
599|879
289|593
311|401
250.02|577
836|E928
41|250.03
861|401
459|250
415|428
250.6|252
862|805
496|263
428|916
560|276
486|V42
427|197
435|428
577|341
997|511
427|284
998|296
557|401
560|560
724|358
331|250
411|203
276|564
250.03|891
205|V42
411|584
515|402
276|344
427|223
788|E938
459|457
491|780
428|404
787|455
682|680
250.6|250.41
284|518
250|424
410|411
414|V58
573|426
799|287
282|250
723|250
410|997
682|357
516|429
799|278
348|585
428|277
396|584
196|997
729|429
300|780
396|276
135|?
742|491
250.01|535
284|70
584|562
410|396
198|486
250.5|250.01
414|780
536|272
444|447
197|997
560|427
518|E938
721|401
599|536
403|286
250.92|276
V58|789
496|599
305|518
586|782
425|413
591|427
626|250
V10|V45
250.6|294
585|789
38|398
596|437
250.02|378
496|722
425|530
250.03|274
611|786
410|496
882|401
V45|414
707|V42
536|250.6
724|724
566|305
250.52|428
428|E878
428|921
155|491
496|592
263|599
250|477
198|174
311|?
933|787
515|403
780|250.02
840|285
518|997
519|272
575|250.6
496|788
722|425
197|276
290|250
285|789
427|E942
250|E932
584|728
250|562
785|423
491|996
599|491
616|626
584|707
492|492
782|425
486|682
707|788
305|296
E932|250.4
280|537
403|490
311|530
574|571
286|425
456|70
716|790
411|426
820|276
272|577
305|786
428|305
435|782
710|515
997|250.82
250|268
250|294
V15|272
435|244
585|536
327|272
250|600
491|785
493|296
789|572
250.03|648
424|E888
996|334
304|722
440|250.41
E849|402
493|280
585|518
250.11|305
441|276
457|250.01
599|733
70|446
196|V10
413|515
535|301
250.01|E888
411|789
189|404
454|250
V85|?
780|285
626|401
435|414
401|695
E932|465
403|578
42|428
250.81|403
425|786
730|711
574|535
511|493
511|512
989|250
424|349
284|250.7
553|300
382|351
707|E932
574|38
789|250.6
998|997
428|296
288|401
276|596
250.01|201
568|289
E878|428
280|625
242|362
198|198
276|331
584|250.41
428|459
507|250.02
202|998
250.92|278
250.53|815
402|533
585|493
413|287
577|573
426|276
428|515
569|585
599|?
8|578
340|414
401|715
340|599
578|283
94|250
710|250
V85|250
787|403
730|453
V14|250
585|404
604|599
682|285
335|250
591|593
278|530
305|791
342|438
435|401
250.91|V27
428|412
295|250.12
250.02|716
574|518
721|250
780|340
577|305
569|211
491|441
8|196
680|V64
780|783
276|288
38|996
250|412
312|244
599|8
276|298
443|250.6
576|250
496|415
294|311
428|288
414|599
428|796
599|438
560|496
250.01|915
518|995
348|379
780|331
590|780
486|294
285|681
411|682
682|356
E924|682
38|421
250.01|53
112|295
682|414
288|780
403|289
295|294
511|787
425|250.92
648|649
250|459
250.03|411
250|786
599|402
250.6|733
515|V10
727|401
428|593
710|424
682|278
266|250
342|250.6
202|446
785|496
403|41
491|416
560|788
284|305
786|716
780|272
414|413
401|564
425|250.6
426|250.6
426|403
205|250.02
714|427
189|530
496|787
428|250.42
242|681
427|E888
486|987
287|595
786|276
511|202
681|727
780|295
397|426
746|401
285|V12
424|403
682|530
786|238
518|518
453|396
428|38
E947|599
596|401
250.92|426
451|250
789|789
786|285
496|300
805|427
285|112
250.42|276
250.53|250.6
70|401
250|696
511|486
250|535
V65|250
664|250
196|414
794|414
250|V27
41|41
493|443
599|593
293|250
440|424
E849|290
550|250
311|346
38|599
486|250.6
403|998
493|250.02
V58|272
722|250.01
294|244
403|280
512|413
786|396
515|428
451|441
197|492
411|599
944|682
590|585
413|332
794|530
410|250.7
491|787
276|V85
780|435
572|571
285|286
627|244
458|301
424|250.8
516|162
189|584
V17|?
426|599
414|536
616|625
305|306
344|250.53
599|724
296|309
410|682
38|491
780|343
403|?
456|496
260|564
486|997
721|413
424|518
414|584
295|E888
496|905
250|357
285|813
788|?
288|276
718|250
411|577
189|250
414|719
552|280
790|E932
287|821
625|285
518|416
40|276
V45|250.8
518|411
427|790
511|425
V45|244
70|250.6
707|305
574|403
560|792
250.8|428
435|412
250.02|715
599|368
456|303
292|E939
599|620
70|530
427|515
295|428
585|784
285|E886
292|780
8|789
V10|530
433|428
787|724
710|41
729|274
596|455
558|272
V63|425
411|492
250|648
250|V63
396|457
599|578
458|558
276|416
516|53
788|290
276|473
424|519
183|276
571|558
250.1|276
410|607
578|535
816|882
780|402
511|535
250|478
491|135
617|617
535|427
411|560
427|709
410|434
873|401
199|250
599|608
491|562
557|569
295|792
42|591
244|490
V85|466
437|342
518|V10
560|296
414|424
437|573
496|511
427|601
250.02|707
577|340
276|511
250.52|518
462|?
414|V12
285|715
305|311
584|577
707|786
785|112
250.5|365.44
E935|41
304|304
626|620
491|519
648|V15
578|707
453|616
413|518
590|250.02
340|595
401|428
824|599
280|799
571|295
300|272
217|401
496|443
276|577
396|404
496|250.6
786|461
287|788
428|V43
250|281
316|692
997|431
285|272
577|428
401|295
573|284
309|412
285|E878
340|733
250.01|518
V45|412
401|781
599|786
410|425
338|185
414|285
V12|V58
709|782
997|285
535|428
410|272
202|V12
244|280
618|250
627|401
263|453
491|410
255|250.81
438|V57
507|250
348|250.8
278|784
198|414
428|V12
573|599
250|276
486|578
648|644
E812|924
491|V10
584|997
425|608
V58|278
574|995
996|585
427|V10
428|V54
218|218
599|35
300|530
648|647
397|560
396|403
780|733
585|780
491|424
486|411
397|294
998|617
722|727
424|780
287|682
198|997
799|7
813|998
305|728
403|682
577|585
403|V46
293|600
250.02|996
595|41
413|238
524|525
244|276
493|575
8|428
V62|301
V54|496
362|250
V58|V45
701|278
112|?
V85|327
788|250.92
250.02|411
E937|E884
414|V15
427|300
560|780
787|317
535|575
272|412
486|41
995|250.8
151|560
486|473
425|E885
304|250.01
276|250.92
70|456
707|459
724|272
250.1|493
491|438
250.82|287
682|790
456|53
590|995
414|593
851|518
250|457
250.92|41
808|428
401|600
401|785
425|696
730|425
V45|438
197|V45
E849|562
414|238
821|428
837|250
593|788
V45|250.6
425|V45
486|8
153|280
759|599
287|244
V85|780
466|244
427|250.3
V85|788
434|715
38|404
V42|250.6
599|592
999|496
425|571
250.01|278
250.8|681
276|274
276|715
511|424
E878|443
403|553
296|530
285|396
648|250.02
425|V10
715|414
465|427
998|560
493|599
599|208
584|189
493|486
305|250.03
278|780
250.01|477
280|435
535|584
571|593
682|682
V58|8
291|250.92
253|255
882|250
850|998
427|441
276|357
416|780
780|250.01
482|414
196|428
789|493
41|427
70|722
162|285
250.01|578
250.02|607
42|250.02
273|276
433|414
415|292
428|579
416|402
753|788
428|250.82
288|162
287|473
616|250
794|723
305|428
413|V15
41|272
414|250.01
287|250.01
603|428
E870|414
281|890
491|518
599|789
276|924
428|578
428|292
785|438
401|250.02
785|250.02
305|577
710|202
250.22|599
599|287
428|722
322|288
303|571
110|250
805|585
276|792
403|581
285|244
599|516
780|535
585|250.02
592|599
242|E942
135|285
250.01|413
799|V45
8|V15
789|250.53
331|781
287|E849
298|780
599|250.8
287|465
250.02|525
157|250
780|?
285|564
825|250
291|577
427|397
515|70
428|519
250.01|660
584|648
427|728
250.92|715
996|E879
250.01|663
518|785
722|285
577|584
496|E849
9|456
617|250.01
518|560
599|293
285|786
202|E933
808|807
411|295
V44|250
250.02|493
E885|910
585|443
486|250.03
112|305
590|428
292|250
577|578
162|788
799|295
79|787
924|E884
343|250
466|427
496|V45
995|486
204|518
599|250.81
427|E950
428|244
E882|E849
342|730
250.02|8
298|301
411|511
997|444
493|584
434|351
250.42|424
285|E935
584|496
250|706
415|157
414|250.92
415|496
927|250
455|536
585|535
599|396
401|805
342|414
577|733
286|729
250|355
719|401
428|530
427|E934
250.02|487
291|780
153|293
578|272
280|112
289|8
648|670
575|285
296|250.6
250.03|403
250.03|199
820|285
250.92|V58
567|682
323|41
789|250.02
730|403
590|573
263|427
280|599
285|255
276|382
154|788
560|530
196|496
285|250.6
573|356
287|428
250.01|537
585|486
996|444
291|250
410|403
821|285
493|413
250.6|70
250|721
553|564
291|305
250.6|681
620|296
V45|593
728|285
136|428
595|780
112|41
332|285
348|V66
427|278
250.02|382
786|785
250.12|496
112|276
573|276
403|435
403|531
622|414
581|428
287|E933
354|250
272|305
280|534
277|446
246|250
250.42|583
486|511
V43|401
202|428
303|794
280|518
8|535
E947|V49
348|V42
280|564
303|780
250.02|437
452|305
362|402
444|681
443|491
534|567
401|787
204|997
427|569
496|342
250.81|707
620|278
576|276
250.03|496
537|276
402|V45
348|438
787|244
E885|840
721|433
276|303
707|611
558|333
287|562
404|599
358|790
280|189
?|250
351|351
411|340
737|414
403|250.8
576|573
V15|416
496|733
789|425
560|491
599|250.92
805|780
599|515
340|162
403|396
369|781
599|174
599|280
276|189
428|5
577|574
560|452
998|E879
585|250.12
511|786
250.02|574
578|250.6
493|445
278|416
286|296
200|284
V58|493
491|413
584|203
711|250.6
70|714
428|242
401|433
557|250.01
411|250.81
437|290
342|530
486|300
V42|707
493|250.6
276|411
250|438
584|789
312|318
789|338
496|288
494|250
250.12|287
250.13|401
38|682
250.7|414
459|401
336|V64
E888|802
620|620
425|272
444|440
486|564
996|402
530|530
733|729
560|428
741|E942
785|250.4
414|746
491|411
250.6|305
397|250
162|786
808|E885
V62|297
282|365
296|250.01
411|410
250.11|682
250.51|428
272|600
491|515
726|250
242|599
428|433
998|423
250.01|724
292|303
429|425
425|396
250|351
785|996
403|429
473|473
415|276
491|331
493|530
530|211
V45|V12
444|428
786|593
562|455
486|402
723|518
438|535
785|410
463|?
250.11|250.51
413|250.8
V23|250.01
998|E887
424|786
493|787
285|E849
427|592
8|507
585|581
733|707
V58|?
852|401
805|337
284|197
401|443
924|E917
V15|414
724|414
714|V58
250.03|625
276|E932
250.7|250.41
810|E888
599|218
787|553
486|519
E879|293
945|E924
250.41|492
41|289
482|276
456|285
478|591
788|412
250.01|707
155|682
507|496
348|342
496|438
244|274
496|E878
996|V58
524|729
599|311
250.13|250.6
345|250
?|591
250.6|427
427|430
584|327
584|458
404|276
381|250
530|305
584|250.02
V45|272
403|E947
427|799
493|294
250|E933
294|331
410|564
585|401
403|250.43
396|197
424|553
710|305
782|799
482|518
276|714
511|789
425|486
998|250.03
535|V44
413|493
805|E884
788|493
250.51|401
433|492
507|599
324|571
38|425
557|560
682|625
250.8|357
V85|386
873|599
250.01|301
625|218
412|458
572|486
571|263
292|969
V45|396
250.82|401
625|220
250.01|424
552|295
599|594
410|413
453|307
682|403
434|599
571|518
574|496
726|414
305|281
403|252
205|428
357|203
998|250.6
276|996
285|440
79|790
723|V15
428|564
250.01|575
403|486
707|486
250.01|402
250|574
428|8
E812|250
250.03|272
414|404
584|41
348|403
723|250.02
781|584
424|564
198|196
E878|V10
250.41|250.7
V15|780
340|491
276|396
507|250.82
780|291
301|296
595|250
374|401
V85|338
403|753
276|583
250.01|718
211|787
285|458
496|478
242|782
403|411
496|8
786|244
453|203
724|719
486|285
79|287
252|278
414|287
300|V17
710|428
428|342
250.02|V15
566|250
386|250
162|997
276|578
404|250.4
574|626
250.92|V45
573|577
436|427
723|780
295|357
780|V43
300|716
491|250.6
511|280
823|780
285|823
434|585
272|185
682|782
733|905
285|698
123|304
70|585
377|428
707|263
296|272
682|8
331|?
E885|401
420|287
812|599
786|250.01
493|492
493|V10
284|E933
585|250.53
196|780
517|333
162|493
344|596
413|466
303|V64
560|294
427|413
276|729
41|693
560|997
V42|272
522|274
422|425
V42|444
276|836
571|E885
V49|401
V15|V10
201|414
153|789
250.01|465
424|250.02
396|511
295|E956
530|403
562|787
E935|250.02
E947|496
491|584
581|305
338|780
250.82|427
456|593
250.4|250.6
807|723
278|?
424|272
38|427
8|285
736|244
415|427
789|584
453|486
599|492
413|402
250.01|730
337|536
584|V15
250.01|585
250.03|681
496|728
780|278
403|E932
250.12|250.52
276|284
250.4|428
311|458
996|410
202|571
276|E931
V62|272
728|496
553|620
V54|278
276|456
446|496
620|493
507|348
425|280
250.93|?
578|446
276|455
427|784
585|578
444|823
424|423
428|737
892|250
998|E878
427|410
711|250.5
452|8
250.52|496
242|786
309|305
414|296
599|487
617|250
E935|401
V50|610
571|291
280|E849
411|438
242|722
574|404
786|402
584|296
616|218
711|599
492|250.42
250|998
255|244
722|724
V42|997
426|250.01
V62|244
285|332
204|303
805|876
440|428
707|493
357|536
824|825
444|285
211|414
787|272
584|850
511|V10
599|821
518|425
415|282
41|599
787|873
38|496
710|288
79|?
428|562
427|738
276|535
493|713
466|780
682|204
711|996
V85|41
303|305
262|997
198|722
491|530
278|646
336|344
486|E965
575|573
250.02|491
434|276
428|E884
789|414
596|403
411|250.42
584|V85
464|461
569|792
781|729
458|244
153|250.81
38|584
496|682
785|585
373|250
250.02|787
585|453
287|571
285|V42
250.01|311
250.1|401
250|810
860|E812
198|250.51
577|112
263|70
593|276
599|250.9
250|259
758|216
585|250.42
574|V62
250.6|295
707|457
303|338
295|564
411|724
428|274
242|585
70|?
574|197
428|453
396|424
722|272
491|998
415|453
425|278
493|204
750|285
428|999
788|716
806|276
250.01|607
729|414
250.51|362
425|238
250|V61
682|597
799|707
567|305
692|253
574|303
879|E888
425|197
433|722
276|250.81
327|780
403|440
250.02|591
250|724
585|250.4
276|E933
789|596
782|782
204|79
996|682
344|707
285|560
242|723
491|423
424|402
434|403
403|295
601|V55
428|290
250|228
250.8|53
486|157
314|278
425|490
250|373
496|250.51
250|319
998|E870
955|882
197|250
557|496
507|560
295|799
70|70
250.01|780
441|250
648|663
682|958
490|?
250.02|70
413|295
591|618
197|188
250.01|444
276|592
276|402
250.92|V65
998|535
309|V15
432|250.5
427|38
424|416
426|812
789|199
492|250.4
276|384
380|79
578|427
997|276
459|695
424|295
711|402
303|E888
427|V15
305|403
584|286
518|E950
250.02|518
110|319
518|327
397|402
426|753
575|535
996|416
V45|599
845|250
197|368
610|401
112|486
785|571
647|V25
197|789
433|401
250.6|250.12
276|250.51
250.01|E879
41|593
V15|112
707|416
250.42|404
250.11|253
707|784
786|289
682|459
250.8|682
250|789
280|962
782|250.6
204|593
344|425
860|585
250.6|945
518|272
530|787
577|424
426|787
458|285
V42|V45
196|560
428|807
518|280
296|305
53|414
756|346
787|784
486|303
786|250.02
285|456
785|275
492|E885
780|274
250.92|490
592|250.01
428|715
402|414
404|396
730|250.8
E934|724
250.92|285
250.4|404
413|412
440|250.7
276|154
599|153
578|564
433|781
250.02|458
707|710
307|250
411|V43
438|781
250.01|438
518|577
560|578
707|447
908|E929
V46|401
250|V16
403|533
250.13|250.43
493|786
428|E849
250.52|427
569|569
569|560
255|285
518|682
598|403
278|414
585|785
250.8|438
594|788
V58|112
250.6|250.5
486|198
785|E916
280|626
528|521
787|438
250.8|?
202|780
511|272
787|401
486|462
427|192
272|433
411|433
403|438
396|799
156|198
511|496
564|276
496|348
997|414
311|428
276|252
787|?
682|714
518|305
997|453
481|202
401|459
424|530
945|402
413|721
802|599
41|680
958|276
413|274
280|285
285|799
413|278
440|496
571|276
435|V58
410|402
94|285
466|593
486|185
41|790
623|623
805|403
584|998
558|211
383|382
276|337
560|441
401|250.52
599|296
272|536
428|204
424|V45
466|786
492|412
577|278
293|428
276|243
250.41|404
864|860
427|531
276|8
276|785
250.02|284
515|491
438|491
138|414
585|447
731|41
493|V09
805|584
611|250
444|998
553|569
426|496
V58|V13
403|434
440|715
278|493
560|591
250.6|585
591|8
733|788
276|9
512|414
591|598
349|599
799|560
250.11|560
252|250
496|440
250|659
453|276
278|427
426|426
625|346
530|511
998|412
786|794
276|446
786|781
250.11|403
404|491
138|427
996|405
424|250.92
733|727
162|512
427|594
303|250.8
414|535
415|401
322|250
298|250
491|255
799|530
250|794
446|511
682|924
404|518
794|426
515|518
426|512
305|695
584|280
958|945
295|648
E879|401
599|70
799|401
112|756
426|272
707|443
787|787
276|348
733|530
403|790
533|401
536|112
705|250
280|8
447|414
601|601
202|250.02
250.5|401
518|413
411|250.82
289|250
569|428
250.02|625
135|276
250.01|568
304|296
244|272
V15|305
428|E885
427|552
680|401
427|162
496|426
250.6|788
616|701
553|278
584|733
174|250
807|873
850|881
572|599
411|486
599|298
799|515
599|250.01
428|733
496|V10
286|285
596|998
53|V07
787|218
434|250
780|312
41|285
584|70
790|790
198|585
537|427
492|493
619|616
558|401
276|783
784|490
789|E878
682|112
402|238
276|404
250.92|496
250.6|820
348|995
492|812
486|789
614|250
396|398
285|295
584|196
429|250.5
312|250
V45|?
532|401
402|496
486|710
519|599
789|781
284|250.01
785|444
305|493
242|435
807|E828
250.92|780
515|E947
403|721
196|281
997|250.6
E878|414
456|427
719|780
289|272
250|473
250|571
622|305
599|E885
540|555
707|414
250.01|E887
151|401
211|250
487|70
233|250
491|466
591|493
682|250.5
599|V15
420|402
512|250
591|567
V64|414
303|715
518|998
414|786
789|211
285|455
250.52|250.6
227|465
428|79
250.82|276
198|287
303|721
285|532
578|414
805|805
681|V15
433|V12
V58|345
786|162
437|V12
396|414
428|728
250.01|997
292|250.01
584|410
250.6|303
780|368
250.22|493
807|401
295|780
572|70
920|401
250.02|530
304|250
346|401
287|783
980|?
250.81|?
860|518
511|560
289|401
41|784
696|401
250|877
294|E939
250.01|486
357|338
799|411
276|E941
486|517
276|250.03
397|396
218|625
E881|250
782|285
V58|424
250.01|646
428|V66
433|250.8
411|397
428|V15
412|V12
414|794
788|599
38|38
716|250
599|577
280|784
492|285
466|414
411|282
348|E812
808|E881
250.02|496
250.03|780
250.01|V42
486|404
711|682
575|250.8
591|287
198|41
558|558
346|311
411|E942
401|365
585|300
404|389
404|250.41
585|272
530|426
707|198
41|424
E932|780
577|250.02
593|591
250.03|303
496|995
780|V10
473|782
250.11|558
41|250.6
682|693
323|278
424|997
440|730
599|197
567|599
250.13|340
585|595
348|486
780|443
785|730
590|V58
411|204
414|?
286|578
11|707
722|V45
427|490
428|286
303|250.01
255|276
358|V46
788|342
724|250.6
585|70
424|707
413|E884
411|V42
496|?
780|996
728|250.12
682|518
E936|289
285|425
618|401
710|493
288|197
276|202
564|535
250.51|414
157|189
250|626
340|250.03
414|305
70|242
401|840
301|915
263|425
154|425
562|V12
998|836
845|E885
285|305
250|343
491|202
V70|496
250.83|348
V43|E878
41|707
577|780
681|250.7
135|272
515|714
429|401
516|458
493|331
276|332
567|428
38|389
250.03|424
474|780
411|707
250.8|276
620|599
403|570
41|496
693|E930
910|E885
648|250.81
451|496
493|162
42|38
V42|V58
428|444
428|725
410|280
276|435
435|280
197|560
646|590
204|428
456|280
997|E878
799|585
250|34
486|508
250.01|674
802|815
532|783
724|285
154|250
70|295
250.8|714
618|305
611|41
250.83|496
250.02|277
558|?
511|411
599|560
135|786
157|427
E885|171
162|787
E917|331
747|424
682|584
250.8|E849
518|535
782|250.02
785|840
571|V08
280|424
244|278
225|414
733|198
401|455
38|482
585|560
799|250.52
556|285
401|372
996|453
413|250.51
411|V17
780|466
790|250.22
867|250.6
348|780
202|458
591|250.53
532|530
345|493
481|250.02
705|648
410|584
250.42|710
162|585
293|242
401|238
574|568
998|413
750|414
997|543
425|574
414|250.82
518|250.01
250.03|535
311|290
601|250
453|289
707|780
386|733
286|787
291|401
250.83|536
198|263
250.13|414
428|112
285|154
441|593
311|493
786|428
413|733
485|250
398|414
263|202
490|250.8
845|278
285|493
342|428
578|276
250.02|729
250|E947
782|250.22
789|V58
276|198
590|205
425|785
567|135
722|518
183|250
596|599
289|287
112|425
197|571
428|991
425|831
560|562
250.93|401
591|492
682|280
599|718
515|455
250|428
250.52|362
496|V15
285|282
576|577
250.01|294
296|453
998|736
203|427
396|402
496|707
396|724
428|338
277|41
813|733
599|284
344|336
728|401
437|562
401|707
245|401
250.6|599
794|412
331|343
397|424
411|710
459|272
486|287
599|E816
585|411
584|592
780|256
276|557
428|595
710|204
496|E935
413|280
428|E932
250.02|802
276|317
309|331
577|535
425|787
276|117
278|277
850|486
272|278
493|590
427|840
250.4|250.5
490|714
?|276
786|V49
258|997
425|909
404|436
648|250.51
711|716
707|728
496|719
491|682
250.02|279
250.01|255
808|808
599|694
413|998
571|250.02
401|582
296|?
491|443
250.02|197
285|584
427|459
707|197
276|250.83
785|V45
E888|427
424|714
996|38
820|E888
420|135
733|?
344|66
573|427
648|282
112|578
250.22|250.6
721|715
286|511
162|511
324|427
569|274
491|112
198|560
486|440
575|599
428|790
197|263
434|959
493|218
496|397
428|260
V15|278
280|455
536|458
486|733
780|873
404|295
564|V58
197|296
574|280
438|41
244|382
199|401
E826|550
486|112
303|577
250.52|244
172|250
595|591
V85|414
496|747
560|584
E814|E849
272|585
362|366
722|722
799|599
250.8|345
253|250
799|344
250.51|585
250.02|266
250|518
305|496
462|53
196|584
592|428
V15|V15
436|336
250.6|995
728|786
494|413
707|747
584|444
781|784
458|404
250.6|41
780|327
481|276
427|577
693|785
788|41
286|V58
493|202
401|V49
558|787
415|424
515|401
780|721
785|995
404|250.6
403|466
599|625
585|730
250.4|V58
425|728
204|780
427|431
433|238
401|522
850|584
440|780
532|535
427|E930
V42|724
413|782
999|459
569|401
785|403
285|707
250|663
714|311
431|427
486|250.82
465|276
V65|715
493|41
198|411
557|518
70|250.01
753|573
600|278
416|403
707|404
340|681
250.02|300
42|276
250.02|533
235|443
584|580
493|135
599|V58
599|719
585|255
295|537
491|790
682|997
721|780
427|275
780|41
816|41
575|424
585|287
710|729
585|405
162|785
574|414
816|824
710|517
292|453
428|319
507|342
995|428
70|690
277|414
780|275
562|V45
711|998
V54|599
285|294
569|455
403|786
785|402
414|682
682|94
416|250
250.81|780
198|250.01
203|401
453|250.9
402|250.01
8|293
780|403
250.01|920
536|530
288|403
786|272
648|669
389|794
300|E950
997|250.01
286|305
244|786
486|289
578|250.01
401|731
154|780
616|707
401|465
712|250
574|997
850|511
574|250.6
576|562
530|V12
599|710
250.91|661
486|707
480|787
E944|785
E878|453
250|458
599|V09
682|564
507|995
250.02|V10
557|278
303|425
403|250.02
599|E939
681|41
790|211
295|571
780|250.5
507|112
997|438
707|327
413|593
530|338
442|453
593|250.01
618|788
294|428
427|558
493|731
599|204
560|331
204|217
428|94
560|V10
427|238
268|276
789|287
496|783
135|377
780|707
E821|250
V85|174
531|562
E888|V10
185|788
780|191
438|959
482|599
357|730
568|401
786|438
707|250.43
585|E878
38|428
280|715
412|V45
162|250.02
250|568
998|V09
456|572
250.02|997
41|V45
420|411
786|996
E878|202
799|791
348|576
458|787
276|199
787|V60
154|250.8
996|496
396|401
427|242
428|710
332|250.8
424|305
276|318
801|458
575|576
995|410
E849|250.6
345|277
427|714
27|883
558|250.6
893|345
455|280
997|41
530|244
305|802
724|714
425|404
42|272
780|478
250.02|794
403|368
344|318
707|998
590|41
805|424
996|482
70|V10
276|79
726|250.41
411|311
276|200
250.6|413
599|575
967|E980
272|458
427|250.8
410|426
397|394
112|250.02
455|562
790|V45
786|719
250.02|38
V85|416
250.02|789
196|697
262|276
218|626
996|401
515|784
824|401
70|403
751|401
41|403
518|873
533|250
789|428
424|532
428|164
478|401
263|780
780|808
780|303
250.13|458
593|785
284|202
648|646
748|276
305|491
250|620
721|428
953|250.41
780|416
250.01|647
E932|783
557|707
438|433
441|441
V11|V11
410|440
275|712
202|425
276|261
255|518
788|V10
518|287
444|305
711|250
428|490
799|250.8
707|344
411|535
568|530
553|294
403|807
41|682
197|196
285|558
402|580
680|276
648|250.92
428|792
493|780
789|560
591|276
250.03|882
507|276
572|789
303|788
780|585
808|250
486|250.01
348|573
553|401
784|344
356|401
552|518
437|401
389|250
707|729
250.43|250.6
V66|199
290|V66
790|403
424|491
571|585
46|79
496|404
204|250.52
411|578
?|244
458|V08
997|250.53
785|425
282|70
250.7|250.52
410|250.6
305|424
458|401
518|358
348|344
574|789
218|280
280|E880
571|456
799|781
599|V43
599|429
403|263
578|287
996|786
276|705
9|996
813|E816
250.01|174
528|E931
997|590
E878|285
435|272
496|487
496|564
478|250
411|300
490|799
873|781
112|491
276|812
425|E879
250.82|403
733|285
284|280
428|920
997|428
70|837
682|295
530|332
153|997
420|733
402|784
491|250.92
794|250
427|453
38|250.03
250|333
590|285
523|250.02
250.01|644
415|558
781|438
780|V45
250|661
412|250.02
246|401
413|786
285|726
424|592
782|396
584|600
486|786
359|V46
V85|412
244|782
348|427
578|401
424|724
345|996
586|578
413|511
481|250.6
571|584
995|250.42
458|305
300|318
8|362
8|599
276|356
401|696
780|432
V23|648
455|428
8|275
428|576
197|V10
486|255
496|198
571|275
998|444
428|627
305|414
461|793
585|532
261|276
910|E880
786|424
E942|427
294|397
562|305
112|250.13
682|V58
416|412
413|459
496|53
V08|250
813|812
562|714
197|518
998|584
285|250.52
285|736
493|433
295|301
428|203
434|303
435|491
496|618
V65|780
456|250
250.02|692
599|996
799|786
164|250
410|E885
785|295
272|429
280|425
412|427
791|682
558|5
789|288
577|303
780|198
202|276
401|366
250.03|466
435|285
998|625
493|515
287|288
427|604
433|424
403|250.42
250.03|278
491|250.43
403|491
174|511
E885|997
362|250.5
250.41|414
427|E812
276|V65
518|38
617|625
250.11|401
V17|458
284|403
682|V85
340|584
802|285
805|305
327|786
250.8|473
404|496
584|590
250|599
496|790
250.02|726
507|518
511|278
276|E878
402|789
426|V45
305|799
795|786
285|585
403|294
682|493
403|412
600|599
707|357
394|250
785|250
414|338
486|996
799|415
492|204
424|781
724|V43
698|250
V58|E932
536|305
276|537
250.02|E888
112|599
424|710
805|599
276|463
535|41
907|309
453|593
250.42|402
727|425
574|428
599|253
425|397
E936|225
584|295
251|348
599|201
996|305
780|722
790|E934
250|V23
518|V42
416|428
453|250.83
996|250.42
250|586
574|794
154|496
250.01|277
368|414
410|277
810|861
250.02|203
250.42|250.52
810|812
518|251
253|458
403|431
722|721
199|276
707|332
413|298
410|444
780|298
E849|780
535|403
428|746
786|787
569|599
250.03|428
599|342
590|250.11
335|518
434|432
283|250
519|250
755|250
291|599
344|599
198|511
427|8
805|276
401|V43
530|296
397|276
585|562
403|433
411|708
681|707
424|715
788|250.6
998|250.41
263|787
438|799
780|562
496|473
486|787
617|614
357|300
535|578
317|250
682|451
722|599
780|781
584|305
204|250.6
250.82|571
511|197
517|786
620|614
250.03|305
433|780
415|491
E849|715
285|403
285|285
442|496
780|280
592|492
518|250.12
413|211
593|427
512|276
280|414
518|V85
459|41
696|272
203|E932
535|786
276|379
255|560
581|V58
272|428
204|414
998|280
595|585
424|584
998|E888
440|38
433|V58
41|293
427|295
250|714
453|458
518|733
511|402
196|786
788|530
584|722
453|286
287|331
433|276
250.12|578
616|617
575|401
403|441
382|250
998|276
836|717
309|V61
401|424
511|490
569|458
493|?
205|486
278|614
728|250.52
250.43|276
511|403
496|202
585|14
574|331
327|300
305|303
682|611
585|585
518|434
250.01|507
250.02|784
724|535
280|70
197|453
696|275
242|530
272|V43
323|584
413|250.52
199|593
250.82|496
786|?
V58|311
286|453
491|205
787|780
327|250
584|575
444|250.81
786|584
53|496
620|220
342|427
599|519
401|788
564|780
155|576
138|379
250.03|250.83
358|276
528|250.01
250.01|787
682|722
458|593
41|530
998|680
250.6|496
596|596
250.02|E944
710|496
493|E885
276|726
507|287
250.5|V54
458|414
263|584
721|722
451|733
574|250.02
429|416
38|191
530|786
413|426
250.03|211
292|280
287|303
E933|250.01
255|562
780|386
305|681
730|V85
197|491
543|250
784|305
414|278
41|250.1
226|401
482|786
401|730
79|280
433|250.02
E858|790
251|780
486|998
715|292
491|786
111|?
368|780
584|284
252|250.02
707|808
201|496
496|784
564|300
414|458
287|443
285|492
440|443
780|V15
788|E879
512|250.02
574|530
730|424
197|162
424|486
433|272
276|135
285|627
780|342
152|531
41|428
411|242
250.42|427
E939|E849
196|275
285|573
997|250.02
722|998
461|202
250.5|447
348|790
41|294
514|427
496|781
250.8|403
250.92|183
276|831
V15|742
560|285
517|515
274|345
682|492
584|250.8
8|996
710|294
726|719
959|873
420|511
922|923
485|401
648|285
337|357
250.13|998
577|250.6
452|560
305|342
680|709
626|617
518|569
292|496
250.01|V27
585|410
162|331
680|41
413|789
972|E950
427|244
786|782
996|41
337|511
515|414
998|440
997|794
263|808
V02|V09
820|715
150|197
782|E932
442|401
250.01|610
593|726
787|783
196|493
496|38
426|786
496|117
516|723
376|360
250.01|199
518|250.6
438|780
792|780
789|491
496|807
958|250
574|714
578|569
40|584
427|250.92
428|995
250.2|431
710|536
157|250.5
250|440
491|242
513|730
447|417
410|785
250.4|581
799|162
799|47
348|414
515|707
291|518
403|493
733|599
295|569
275|414
789|250.01
294|427
511|287
424|729
447|250
493|250.2
493|79
54|453
585|E930
533|276
599|301
432|V45
707|924
436|780
244|E932
250.6|786
942|943
413|196
575|714
440|241
416|585
569|572
658|V23
717|414
403|571
426|593
296|414
V45|427
402|427
428|197
196|287
599|703
75|78
337|799
618|402
V62|305
451|401
411|425
560|535
780|244
197|591
424|626
496|429
799|327
511|348
518|162
403|459
453|998
272|493
784|478
780|710
157|588
860|807
396|515
496|457
552|285
438|V85
427|340
280|413
516|486
274|272
691|250
511|714
913|924
157|280
427|E935
344|466
204|577
198|733
284|707
785|8
786|250.9
728|584
427|716
394|433
276|E944
255|300
250.4|586
V85|560
201|296
436|710
707|V44
465|490
562|285
428|648
263|923
428|V57
722|787
E849|E935
599|244
595|197
626|625
250.6|515
427|349
707|507
562|595
403|783
530|553
493|411
780|E888
496|274
E942|E942
558|204
577|304
444|459
491|53
492|276
568|565
785|443
250.01|719
707|413
486|344
E906|250
584|507
790|427
599|458
250.02|799
491|41
196|196
198|496
924|E885
250.02|514
456|571
40|707
276|205
42|304
578|491
276|507
584|303
263|183
453|459
482|733
250.01|492
805|860
997|282
250.2|599
401|786
427|394
403|564
403|426
786|250.7
273|250
919|789
183|197
250.51|596
707|709
707|398
205|453
203|425
110|41
531|535
729|458
456|453
285|280
596|585
401|V42
785|250.82
314|?
560|553
156|197
574|567
250.22|286
250.01|412
250.02|110
414|280
174|198
250.13|V46
491|487
197|151
536|724
401|410
285|204
707|V54
581|414
250.8|433
285|787
595|733
70|272
997|410
277|112
53|425
403|451
496|737
733|784
294|493
153|401
174|V45
197|250.6
496|250.5
396|997
496|250.8
562|496
285|250.4
402|250.6
426|V14
484|599
304|278
585|788
380|780
682|715
250.11|646
569|710
496|E928
300|294
536|V58
780|493
308|250
250.92|600
591|396
789|278
492|V45
860|865
496|996
493|70
995|707
437|331
250.02|453
397|250.01
707|8
427|511
198|V58
428|535
396|250.03
428|397
420|555
780|512
789|786
807|599
574|600
579|250
693|276
442|250
402|426
250.02|E932
574|519
428|386
799|303
250.01|V18
730|250.03
250.41|427
305|V58
530|V15
292|427
250.82|250.52
427|182
585|?
411|453
611|276
401|345
197|250.02
162|263
250.11|647
428|295
599|473
250.5|V58
300|443
285|443
998|411
403|437
250.92|?
573|568
465|414
E932|725
425|202
427|694
427|277
710|710
202|283
250|410
368|781
E935|276
263|250.02
V43|693
295|V45
358|307
V58|305
153|428
41|331
E879|233
V12|V49
402|278
425|707
410|8
402|244
327|401
427|415
253|276
453|255
340|41
426|412
492|794
E849|E966
730|728
416|493
626|621
162|413
294|715
466|518
585|396
785|786
618|617
250|782
722|493
172|250.6
648|250.83
794|305
780|787
362|401
358|710
E942|572
414|396
682|710
250.02|558
255|287
272|402
296|780
790|250.82
511|420
276|487
486|94
205|427
285|E928
413|569
403|195
584|348
788|349
599|571
789|E934
591|331
518|317
250|218
486|204
250.02|967
518|578
424|433
807|922
250.92|721
595|599
861|276
625|618
250|110
198|E932
263|154
250.12|403
707|288
585|244
571|V58
562|276
576|574
786|490
518|519
518|250.7
284|295
808|781
244|?
250.01|V15
998|581
486|424
411|327
590|567
782|715
823|821
154|285
250.82|?
883|585
285|402
342|781
V63|578
995|733
414|493
578|443
403|795
287|E884
V85|791
411|441
571|428
V43|263
426|437
999|348
250.02|402
536|553
427|E849
426|V58
V12|244
332|296
202|41
342|599
70|496
411|V63
780|296
250|790
750|599
486|569
250.82|428
486|433
413|398
V44|414
412|V15
428|573
518|492
437|427
415|444
626|300
V65|?
295|300
250.13|V58
300|788
564|401
496|250.7
728|250.8
239|250
595|799
620|575
556|427
202|204
799|250.82
425|250.51
997|413
301|244
731|681
401|648
V42|424
517|493
V70|250
786|599
E849|250
250.7|682
581|250.4
998|999
458|458
296|239
250.01|733
E942|276
276|410
883|716
948|E894
788|787
303|304
780|V49
272|733
998|401
300|311
496|277
813|E888
250|397
571|218
397|398
705|619
789|424
453|780
963|780
491|458
593|780
250.01|571
564|305
560|569
428|348
250.02|738
481|427
433|244
585|466
519|786
428|494
781|V43
799|780
348|E853
518|E878
424|435
162|189
250.83|585
996|784
682|V45
453|415
428|332
8|250.8
250.02|705
511|E878
300|274
435|E947
263|783
585|331
154|199
E853|780
250.02|443
578|584
868|94
599|535
536|V45
788|511
358|289
428|580
41|465
707|250.42
135|515
250.02|825
250.02|564
250.6|425
250.41|707
496|250.92
427|250.41
438|403
401|311
593|478
786|305
438|427
682|920
491|280
456|8
8|458
425|518
426|70
652|656
340|250.6
292|293
891|250
331|780
599|621
416|397
287|782
426|E817
568|250.02
174|197
281|414
576|532
824|E928
E968|873
414|433
356|402
585|250.03
997|807
252|997
451|426
204|276
780|263
753|490
185|401
242|518
V63|780
155|458
426|458
337|728
560|736
578|238
438|250.02
616|568
250.03|342
E947|174
V57|250
571|287
70|555
560|402
427|781
154|198
787|715
414|466
996|590
287|599
785|560
577|157
627|V18
787|530
583|427
250.8|794
599|303
428|135
733|250.8
305|790
196|458
403|515
576|204
491|396
135|428
277|577
306|493
560|682
V45|280
8|496
585|478
358|496
593|250.8
250.02|641
410|493
V42|V44
799|518
250.01|788
443|584
496|799
507|272
410|424
487|272
E942|300
278|907
42|425
530|789
276|574
780|788
413|41
415|416
478|486
403|135
614|218
280|41
196|574
428|726
262|574
584|574
781|780
850|518
428|284
183|440
294|426
396|290
250.13|285
410|250.01
518|197
577|287
285|157
443|441
599|238
427|724
250.6|458
197|250.01
276|725
401|250.93
425|284
296|303
681|917
745|428
250|188
486|278
491|244
250.82|799
518|250.41
276|250.5
799|736
E878|401
518|304
730|997
444|682
296|250.4
424|441
780|453
707|492
591|185
425|799
41|584
567|401
585|284
440|V49
585|V42
312|414
250.6|440
250.93|518
135|571
466|276
574|576
820|250.02
496|441
280|807
403|595
E812|410
427|473
852|250
203|496
496|461
403|694
239|401
250.01|584
250.01|238
481|V46
155|401
611|E935
250.12|305
V85|785
252|593
V25|648
285|529
285|593
401|250.9
427|E879
276|333
250.32|707
295|599
295|444
189|250.01
780|920
530|414
599|V12
786|38
491|340
491|V54
250|807
792|531
799|285
562|558
255|401
574|998
591|617
305|583
434|250.01
426|305
465|428
780|790
285|730
707|436
438|401
250|V03
707|558
348|411
255|571
403|560
707|711
305|V15
153|578
204|284
784|294
998|585
425|466
577|E888
250.6|V58
403|729
455|V12
584|V43
272|564
305|555
585|250.51
198|192
780|820
291|724
332|799
V54|403
250.02|593
362|729
434|784
799|70
V57|V54
571|199
278|V18
780|785
250.01|E812
274|707
413|490
38|414
611|414
434|250.02
840|250.82
682|892
585|348
496|304
285|V58
585|V10
807|834
426|486
E937|V58
996|552
349|996
491|553
788|250.82
789|303
E888|250.01
813|41
340|305
276|94
286|458
553|V12
397|733
272|?
786|799
866|401
591|433
401|583
413|V42
E932|E849
807|414
250|416
276|279
997|584
511|562
788|250.02
724|332
250.12|401
404|425
416|427
305|295
492|305
V45|263
599|E930
571|272
162|272
573|336
466|783
41|780
V43|715
342|V12
599|E942
812|V85
204|250
413|585
997|258
560|E878
287|300
571|185
250|583
577|714
403|447
458|785
V09|41
428|446
530|535
491|E885
250.6|918
789|238
707|790
V58|V10
E942|250
578|294
493|466
202|511
425|465
710|733
284|287
707|162
255|250
852|8
410|490
E888|250.92
785|518
518|204
998|442
250.8|250.6
599|600
573|789
518|447
255|V42
620|401
784|351
285|E956
481|428
300|786
154|197
585|491
788|625
V85|490
424|287
805|260
250.02|348
429|486
301|729
553|244
432|486
403|710
404|E934
162|199
496|727
428|331
560|410
535|533
999|451
278|412
282|250.93
403|714
424|618
427|730
250.82|710
272|V65
496|782
V14|V58
250|112
312|250.02
162|530
603|250
560|575
250.13|570
V45|786
276|569
997|426
518|293
70|V15
600|250.6
996|790
403|536
995|427
784|433
70|282
276|250.52
574|424
311|309
441|584
788|285
285|174
784|414
702|250
466|250.5
881|919
153|790
250.53|424
250.43|581
250.02|289
427|996
905|V12
38|999
738|V45
958|414
486|386
780|V58
518|331
493|402
682|156
440|425
70|577
344|138
337|414
250.2|V58
682|917
250|591
250.42|581
203|998
590|280
511|458
715|285
V66|250.02
305|492
V49|305
250.81|250.7
250|318
250.02|263
486|250.51
70|790
294|V62
272|599
404|413
478|716
595|250.92
562|569
305|287
250.11|331
780|682
574|291
250.01|415
38|244
599|250.12
E880|916
440|276
401|535
433|294
E818|278
250.92|413
997|496
112|496
250.7|428
486|416
493|V42
920|923
292|599
150|458
593|285
414|V10
250.51|250.41
305|413
272|477
719|719
592|250
250.01|515
427|112
197|244
250.6|272
250.83|?
378|414
285|293
280|244
291|276
403|E879
724|?
527|414
340|285
577|576
416|530
413|305
288|785
197|593
560|995
287|403
225|250
584|588
285|733
218|568
593|331
491|571
285|284
276|378
492|710
574|577
799|135
427|342
536|357
788|E942
911|916
420|426
585|995
250.03|788
578|562
348|331
303|276
576|153
197|512
780|309
515|427
553|531
250.92|682
493|337
276|34
413|153
881|428
242|276
368|401
276|250.31
420|787
511|250.8
280|250.8
189|585
204|356
719|272
574|?
425|492
279|112
913|401
733|242
790|785
707|287
486|V12
411|435
515|424
401|458
996|284
585|591
493|250.92
575|568
459|182
733|E888
250.02|201
682|250.03
E878|41
428|785
496|470
486|357
197|V66
403|E885
199|332
434|496
V58|V15
511|515
414|733
250.03|787
478|707
494|250.02
790|493
440|250.8
731|250.7
578|303
250.01|658
515|205
295|425
458|562
758|250
998|272
444|958
511|707
519|787
492|535
198|250.5
492|440
733|278
718|401
410|555
250.02|287
707|250.41
280|296
496|577
596|272
996|250.02
788|600
413|286
470|478
9|280
518|586
255|558
591|250.02
E849|285
276|423
403|250.1
276|522
560|567
424|522
244|443
276|E904
295|272
648|401
789|416
496|138
860|250
263|437
E885|492
401|250.83
288|250.01
344|250.02
292|486
403|244
401|V86
185|244
584|799
250|625
414|277
996|V42
401|440
480|388
253|278
V43|280
272|443
276|290
412|319
428|250.5
285|340
277|403
70|578
780|824
38|707
205|250
E849|331
303|296
434|443
572|456
780|211
790|401
493|998
443|414
250.01|574
201|41
440|280
250.41|401
788|263
680|693
881|?
576|250.82
997|442
599|286
V58|787
276|196
719|924
496|820
496|V63
250|V60
529|470
458|428
491|465
272|333
428|157
998|263
492|784
327|714
428|357
426|997
707|511
250.01|793
781|272
197|413
780|348
250.6|250.22
599|135
162|486
414|274
293|996
441|574
787|789
414|996
466|197
780|434
V58|780
715|836
599|997
250.8|531
414|491
562|553
202|562
784|728
196|573
112|414
710|402
V45|493
263|403
70|303
276|519
290|414
V15|724
250.01|799
466|272
342|535
277|401
305|785
293|784
626|278
996|272
821|496
245|252
614|285
42|573
196|599
787|E932
788|724
784|E934
491|250.42
V18|V17
V85|787
365|250
151|196
711|717
456|456
881|807
507|414
715|428
413|E917
277|250.01
556|518
578|436
780|572
780|424
620|218
342|429
733|414
250.8|V45
312|317
305|789
112|250.01
723|250.1
250.02|486
197|585
V43|781
276|437
707|303
584|486
162|357
250.02|642
403|386
711|427
711|250.03
591|70
491|721
425|185
789|998
242|626
707|999
180|401
285|722
411|112
997|280
711|41
780|794
285|905
780|812
282|412
276|965
426|E947
727|285
425|614
790|253
286|283
305|E849
299|250.93
425|239
995|585
560|272
496|627
789|790
995|348
780|530
E944|V10
813|824
154|413
923|719
601|592
285|696
250.6|V42
V45|285
402|250.12
411|562
261|576
560|459
997|486
591|996
410|38
285|250.12
486|290
348|518
557|250
285|569
780|250.83
492|574
114|305
710|V58
428|138
426|782
751|285
278|757
200|780
780|731
284|733
516|515
E919|354
304|280
428|188
465|780
V12|412
275|250
532|285
648|664
348|348
562|562
272|250.01
278|617
285|250.03
512|427
453|E927
584|492
401|250.8
188|250
305|V12
188|595
599|E934
996|?
507|428
287|907
591|278
574|V64
250.6|596
427|461
423|998
427|571
403|600
791|276
591|250.6
427|836
787|112
250.1|291
E888|780
682|110
303|438
E878|E849
295|411
569|998
250.02|369
250.52|585
403|284
567|574
728|403
682|799
201|584
413|E947
621|250.92
287|V63
276|533
425|682
250.03|562
203|413
584|530
266|300
585|451
575|414
154|292
162|135
496|416
719|V58
V60|287
70|567
590|600
459|428
591|188
V42|492
707|275
196|455
V72|250
572|284
995|586
462|305
290|285
396|496
8|511
850|305
250.01|455
151|276
799|698
296|300
424|447
V45|278
440|250.5
310|250
567|446
802|E849
272|459
535|250.12
493|569
873|V45
V63|707
424|600
250.11|511
784|593
250.02|V64
583|585
425|562
511|250.4
997|999
535|574
333|496
202|447
196|162
560|861
E878|V09
599|537
V15|V61
E849|493
790|272
293|412
174|434
600|598
337|786
305|412
493|782
493|285
710|492
E878|521
788|781
428|251
38|250.7
790|295
413|410
250|783
496|292
285|716
729|729
507|584
305|530
V42|420
394|496
596|250
V10|429
202|199
585|416
441|428
861|E819
250.01|197
305|438
824|E888
564|698
42|250
552|556
280|560
276|319
202|293
250.8|273
465|285
250.01|845
372|250
263|E939
204|403
402|287
511|933
276|157
250.92|458
790|496
998|562
V58|427
466|V58
575|496
550|311
453|397
707|274
584|250.42
478|305
285|398
250.13|41
357|250.4
585|462
428|909
425|301
648|244
402|410
496|94
V62|303
591|995
306|786
411|343
427|386
427|198
425|250.03
276|594
285|738
490|278
420|414
401|438
799|397
781|788
428|E934
305|998
403|250.5
250.6|403
820|862
556|255
198|799
250.02|473
998|593
424|493
333|780
707|515
V85|496
585|530
414|423
197|531
486|515
288|E947
V43|410
786|338
298|787
286|472
787|E935
578|560
553|568
436|437
599|304
496|459
723|787
682|486
277|276
550|244
53|276
584|250.5
8|682
414|300
198|790
532|250.8
787|305
682|731
785|250.01
V63|496
571|403
E935|456
780|560
730|428
496|242
459|70
425|V58
112|458
570|250
348|733
617|627
250.83|V42
250|441
584|V45
824|250
815|?
242|311
202|881
592|598
578|715
682|410
E885|424
506|491
536|722
913|?
288|591
153|414
202|453
250.92|599
226|275
574|292
411|250.43
507|333
250.83|707
789|286
293|V43
428|482
802|427
786|295
70|301
250.41|276
736|276
789|562
414|447
202|334
724|715
562|311
287|287
250.02|303
197|179
599|E931
250|781
785|424
250.02|E884
578|456
401|728
710|530
402|454
276|694
453|342
486|413
453|424
285|486
428|443
250.02|413
402|378
294|250.6
135|599
424|733
70|402
253|401
304|996
577|553
425|438
411|189
424|785
496|531
354|357
574|493
349|276
719|396
995|590
491|564
162|507
214|250
276|751
38|250.02
284|571
496|569
250.02|644
E929|426
486|319
112|437
296|969
274|V18
585|338
482|493
447|276
398|745
780|437
305|E888
553|285
303|272
446|250
277|285
711|274
577|174
588|276
780|907
401|490
577|518
524|473
V53|428
E880|250
V62|309
250.6|E933
532|287
710|112
340|492
786|729
458|599
182|414
585|378
348|250.02
303|331
584|225
493|442
738|560
138|401
296|311
428|250.12
493|V46
314|250
250.13|403
453|V46
728|287
296|710
428|442
368|250.6
286|403
135|719
786|V45
V43|E885
153|V10
303|346
493|317
492|721
571|595
425|724
883|883
825|401
786|412
250.83|250.6
411|437
729|840
V63|593
8|250.93
414|435
733|553
682|996
608|608
998|250.01
397|428
560|593
661|648
311|272
276|794
440|584
197|397
276|286
278|600
162|492
512|584
577|571
401|280
V62|402
424|515
682|416
557|787
584|112
V10|411
398|402
433|784
162|284
808|276
E878|738
807|861
79|414
850|952
411|250.13
425|208
596|496
873|924
537|599
250.02|280
995|327
415|162
250.8|458
618|625
560|414
332|V15
584|250.11
356|285
263|285
788|707
250.03|V49
250.02|79
135|V43
284|196
188|591
70|786
584|783
303|440
340|323
250.33|584
250|573
496|349
201|250
403|290
295|486
V03|?
414|204
233|285
250.02|205
250.82|491
155|203
496|553
625|343
333|E939
401|717
424|79
496|756
625|998
518|41
558|611
42|250.01
287|250.9
604|250.02
250.8|54
427|627
585|E885
244|414
567|272
403|342
493|722
592|998
252|493
427|924
721|276
724|496
250.11|492
309|414
530|250.6
211|455
577|575
518|V46
585|997
585|413
E888|396
203|199
591|560
V85|465
287|344
781|403
440|V45
250.91|664
531|250
428|253
596|41
799|V44
280|536
626|256
492|244
314|301
280|287
447|786
562|531
413|536
342|729
410|728
518|288
920|E888
250.8|486
261|805
197|438
396|428
287|518
511|438
275|788
202|V62
197|?
593|272
625|305
433|250.7
285|410
424|273
238|585
585|580
303|280
729|424
577|274
614|568
458|403
451|V42
250|306
425|398
412|496
710|V17
793|250
873|E819
560|536
873|E888
428|805
560|41
571|571
302|780
438|530
571|135
348|401
276|575
294|969
715|714
436|414
599|457
250.01|782
250.03|307
233|614
996|536
272|272
428|581
492|250.02
458|250.8
733|424
292|425
9|211
413|491
278|V10
599|355
288|577
250.02|723
574|790
413|E931
783|250
349|285
E884|342
915|681
997|492
250.13|473
E878|V45
518|482
285|718
305|584
414|288
532|537
305|250.92
788|427
411|250.52
608|8
996|250.4
490|571
112|536
861|866
276|796
486|722
518|E880
648|656
410|511
731|401
276|562
575|553
512|199
250.11|V58
151|568
285|E819
198|401
319|799
496|714
250.03|782
427|E932
197|599
250|725
280|618
344|250
260|197
250.6|696
518|784
250.03|V58
780|433
599|453
196|410
250.01|423
518|250.5
785|250.13
311|V15
136|311
424|593
707|260
789|621
567|276
V42|412
38|780
E939|244
780|251
E917|E849
304|492
781|241
721|716
204|202
348|162
786|294
493|358
287|396
453|151
250|387
280|569
250.01|681
287|456
296|V62
495|202
285|600
805|401
780|V64
427|851
560|38
250.52|250.7
577|496
204|345
303|685
204|255
276|802
211|496
584|482
593|403
786|277
416|553
425|586
482|799
411|729
995|511
573|571
438|595
714|250.4
403|250.12
276|54
558|722
250|466
478|528
481|584
453|305
250.01|562
799|965
250.13|782
787|414
135|562
276|873
790|490
250.03|519
396|578
263|585
572|427
427|831
998|605
424|199
787|388
493|303
250.01|251
807|805
198|170
821|275
427|53
162|491
807|845
599|695
574|V42
682|780
41|725
788|433
287|787
428|729
427|V72
493|291
592|401
287|250.52
412|428
275|276
V42|428
276|V43
530|250.51
585|112
491|496
785|250.8
576|295
403|530
736|401
202|585
276|53
285|709
189|197
696|496
250.41|250.51
578|305
428|507
435|780
196|38
440|272
555|263
117|401
496|250.41
411|466
435|511
780|288
998|574
780|966
294|365
413|552
733|425
189|199
585|583
799|V54
466|278
805|496
296|428
511|998
728|780
250.4|V15
244|250.6
252|241
250.02|592
377|707
567|569
682|250.7
250.01|881
578|E880
537|534
593|V15
411|250.4
276|909
401|396
721|720
786|V15
428|531
303|535
560|585
788|443
537|571
713|327
E878|997
564|272
584|E947
250.53|287
300|319
999|464
198|185
617|626
591|719
788|250.12
337|?
?|703
427|318
E881|401
571|425
515|500
V85|530
304|738
592|530
70|V42
401|733
250.03|707
V43|716
293|287
250.13|272
443|V58
780|319
255|253
575|410
382|380
275|401
593|296
298|305
277|486
401|V18
285|E934
198|250.82
196|518
38|512
530|285
280|747
428|275
599|404
427|218
530|300
250|V86
287|427
311|970
345|401
530|196
715|300
293|270
799|V58
311|300
729|780
415|202
577|V45
553|427
424|521
724|338
453|199
250.8|780
E947|250
788|V45
135|401
511|41
150|V55
451|959
496|E884
295|278
359|276
427|317
414|332
5|250
601|788
646|70
261|511
789|585
V46|305
789|564
682|296
250.01|608
996|280
790|288
562|414
304|70
458|530
435|433
202|427
719|596
276|245
42|403
780|758
250.12|402
285|V43
566|276
518|568
V72|401
707|596
303|263
250|383
241|250
787|57
135|729
780|847
486|305
491|453
560|250.01
512|492
284|593
250.12|535
780|413
574|272
584|250.6
?|250.02
995|577
571|284
250.81|791
250.02|V66
138|784
493|403
599|723
250.01|344
272|V45
780|784
53|403
585|437
490|E849
486|244
414|276
444|493
284|112
996|486
512|591
530|707
730|999
707|112
342|332
304|786
511|780
496|738
277|440
722|592
250.13|V15
278|682
295|455
780|719
V10|250.4
427|338
250.8|709
556|196
518|722
193|245
293|303
496|E888
723|278
518|161
892|E906
723|784
403|274
478|787
428|440
486|426
599|507
295|162
162|789
434|414
290|301
295|288
453|358
860|E816
486|590
644|648
300|V43
V61|?
453|198
796|426
242|998
53|250.5
250.12|38
492|433
733|486
715|V45
260|41
786|793
424|E878
424|309
507|784
785|278
E885|496
70|812
496|354
790|585
444|996
303|437
958|285
250.01|591
427|466
493|682
717|726
411|V58
611|413
996|492
276|808
250.92|493
250.7|250.42
250.8|285
531|280
E878|424
508|593
275|571
491|493
357|332
411|288
729|745
276|457
V72|616
562|599
427|E939
577|V15
535|723
8|787
250.92|300
427|995
621|627
285|820
923|570
790|414
599|601
604|250
403|293
428|574
584|786
426|585
453|150
789|780
599|555
348|295
599|300
349|585
481|250.13
586|530
425|999
427|733
511|788
250.01|621
337|V64
493|396
280|266
E885|722
250|368
380|238
780|332
756|250
578|311
360|250.8
728|250.6
V58|593
413|440
V44|401
250.02|E885
560|174
276|696
204|496
478|518
250.6|V12
434|714
309|303
41|8
276|626
802|305
424|389
595|403
112|786
596|789
996|753
345|530
788|560
995|682
518|110
286|728
443|V45
785|429
429|729
553|535
250|582
500|401
250.01|250
453|197
335|401
401|491
250|366
581|403
415|250.02
250.13|577
733|185
496|V42
813|276
496|810
536|250.41
493|733
721|789
305|285
198|568
435|402
459|427
428|784
138|E885
238|840
719|786
788|788
250|791
719|438
518|574
250.01|211
415|312
205|250.4
577|272
295|311
276|211
515|280
261|54
453|188
285|153
403|715
493|726
397|434
250.8|536
218|401
558|285
402|996
507|401
794|288
553|789
730|790
552|V85
790|250.41
359|41
285|478
891|E849
730|94
486|593
584|730
799|466
493|E880
788|185
E884|780
584|572
485|428
873|250
V45|707
V46|250.02
959|E888
571|575
284|136
474|250
998|218
440|250.6
552|250.4
292|305
569|493
154|276
585|V85
250|301
378|V45
196|170
280|553
357|496
V85|707
292|585
746|414
995|E942
786|280
250|266
427|331
304|300
491|840
396|E927
443|294
174|196
250.01|626
250.03|558
491|719
196|401
70|304
294|276
337|997
599|465
785|433
726|726
396|433
414|824
250.92|585
272|274
250|642
719|496
250.92|E931
584|V58
707|38
435|V45
425|287
8|263
869|599
203|276
272|465
511|300
599|250.52
410|790
518|738
787|693
242|426
296|427
250.6|530
276|920
287|426
573|536
112|294
569|172
250.01|792
250|736
285|275
E932|414
436|401
411|820
577|427
492|403
789|733
250|486
401|343
567|707
300|250.42
781|310
278|593
780|292
402|V15
403|537
V58|496
495|453
427|729
433|443
585|531
331|724
250.6|586
920|E885
157|250.01
514|428
820|250.01
38|348
280|789
486|492
730|584
424|920
410|E878
593|250.6
427|868
38|507
303|295
344|721
403|420
280|235
432|491
250.03|646
599|250.42
998|288
788|V58
276|250.22
255|427
276|568
496|294
496|410
110|403
428|845
157|403
278|627
518|135
496|309
429|796
94|401
276|323
250.81|530
427|478
426|242
183|780
345|438
802|930
250.6|V54
437|780
250.83|342
536|558
41|681
682|305
V15|?
401|242
574|569
780|507
922|924
250|E927
790|412
250.6|780
493|425
395|414
303|486
496|922
276|704
560|V44
780|E950
250|693
745|250
515|584
786|790
995|482
493|250.11
42|305
429|512
276|307
999|999
998|568
618|272
453|8
413|591
250.51|276
54|V15
480|276
723|788
305|599
300|V15
999|285
569|411
424|998
V85|250.8
642|401
415|799
569|558
433|425
205|996
710|425
584|294
682|574
780|464
997|434
V45|V17
250.7|250.6
424|595
789|511
564|E935
780|412
185|285
308|412
444|V15
781|368
250.02|522
784|428
276|E884
284|189
512|V10
410|V42
998|864
198|250.03
250.92|996
276|552
574|492
415|997
250.01|781
427|783
453|278
491|70
428|866
799|41
785|300
496|227
250.22|331
428|577
197|424
197|783
155|789
575|428
590|564
304|493
250.8|293
805|733
997|353
626|626
438|250.6
682|491
276|823
8|272
794|203
433|38
787|624
596|V10
996|607
272|E819
584|250.7
685|565
415|486
569|707
V42|729
278|789
250.7|440
781|486
335|368
585|733
780|E936
204|813
599|V62
V85|263
733|332
357|280
462|319
799|294
279|701
790|780
402|581
807|E812
263|799
799|331
518|203
784|496
197|426
438|428
788|V43
397|417
286|428
577|V42
555|250
V45|530
728|426
788|569
584|996
577|425
728|799
427|368
427|404
414|785
292|?
162|515
403|298
294|70
920|780
E950|250.93
250.93|304
585|340
578|780
250.92|729
718|715
250.93|112
794|785
276|250.1
344|518
426|780
427|717
311|278
780|799
785|263
518|263
780|344
276|515
482|490
E932|278
790|250.51
312|312
515|41
300|?
276|600
560|348
322|401
250.92|410
788|E888
250.8|E947
338|250.03
424|E932
285|70
648|250.6
250.01|70
305|562
8|730
432|342
285|453
320|276
250.2|276
496|273
507|E955
292|250.4
584|202
220|272
250.02|543
414|728
794|?
682|228
250.01|491
276|E938
758|401
331|710
342|334
710|780
70|518
280|250.41
814|285
135|715
458|281
707|293
250|338
303|278
786|564
578|694
524|E812
255|733
682|154
507|707
397|780
410|453
276|282
427|746
250.81|731
599|297
710|582
V42|250.81
41|250.01
625|272
584|434
198|180
512|428
285|242
414|250.52
707|694
318|250.01
414|202
317|300
462|401
999|682
263|413
79|493
564|250.8
414|997
287|263
342|780
288|250
785|V58
511|394
453|682
292|440
E878|785
486|410
996|447
585|719
486|345
996|157
250.6|584
138|496
750|411
793|V16
250.6|591
433|427
714|780
403|413
562|272
278|564
342|907
348|V58
250|491
717|717
440|447
788|567
873|824
599|466
730|593
280|250.01
332|401
250|598
586|272
319|272
453|403
486|196
402|455
401|112
531|E878
305|284
303|427
491|250.8
788|738
995|250.82
340|443
276|E901
250|652
288|585
E878|287
711|707
411|V14
189|250.8
272|574
157|401
415|707
868|958
537|V16
790|786
198|172
E942|E945
730|276
250.01|490
117|V42
473|346
518|292
607|598
276|444
263|574
250.02|296
304|428
276|283
710|250.02
865|V85
427|566
349|250.02
309|244
250.6|E812
486|250.8
288|466
580|403
521|401
783|742
287|824
292|786
590|787
581|250
250.8|V58
153|196
250.03|V45
455|250
424|V54
780|162
79|278
600|V15
707|70
591|198
438|423
453|E878
70|724
272|573
486|42
865|805
386|414
599|698
295|332
535|E849
369|370
403|608
998|799
276|V18
200|276
286|424
682|244
682|567
745|290
233|403
250.2|453
493|997
682|35
512|401
428|250.23
V45|V43
958|250.6
202|?
440|8
283|284
572|357
41|564
558|599
577|599
389|786
34|250
423|272
250.93|998
789|155
607|607
780|70
241|289
250.93|648
296|V12
430|340
574|340
410|202
E935|274
486|490
414|250.41
305|574
156|276
V42|V85
V10|250.6
276|191
287|425
813|958
276|250.11
295|304
998|V64
507|349
295|250.6
414|518
716|250.6
706|906
278|250.1
584|578
805|250.6
250.82|997
710|616
780|301
493|723
153|E934
197|707
402|201
345|276
276|723
599|785
300|496
715|V12
285|208
275|311
255|250.6
287|70
394|401
584|281
590|263
288|305
560|V42
250.51|250.81
250.41|583
784|E942
305|54
564|562
410|V15
287|211
276|708
428|153
535|280
V45|496
285|720
428|429
785|530
150|278
250.6|285
821|824
532|427
250.81|401
707|569
808|403
287|170
426|218
493|461
202|E888
428|198
276|246
E878|493
783|285
42|496
428|731
847|873
996|493
920|924
802|923
153|276
577|486
289|250.8
591|250.03
998|8
427|447
482|491
304|295
296|280
933|530
567|427
500|600
342|458
574|294
424|V58
427|715
348|584
8|584
998|785
8|250.01
250|292
79|535
287|573
427|873
42|286
285|162
531|263
536|577
38|250.4
281|909
340|784
204|585
710|250.6
112|131
599|E849
995|995
250.02|416
289|518
53|780
250.01|410
562|535
558|569
250.8|440
492|577
784|250.7
738|401
440|412
401|342
595|250.01
263|53
437|412
446|584
250.82|718
996|424
250.92|427
415|722
250.7|518
998|530
220|218
800|802
524|721
590|515
531|401
590|250.7
278|112
E878|250.7
E879|250
578|585
V58|440
486|250.4
486|189
263|491
416|934
693|443
250.01|908
70|568
414|438
263|560
682|250.41
238|287
274|427
715|734
291|535
623|250
357|285
492|202
284|555
414|E879
427|250.03
411|574
716|727
332|722
728|244
491|560
202|250.01
787|211
250.03|244
428|571
496|724
780|577
812|E880
289|244
397|401
560|250.92
250.02|556
332|428
305|962
682|263
493|747
682|443
V42|416
V42|402
486|342
344|427
70|296
428|596
V85|305
789|586
682|711
850|496
532|280
405|785
112|556
799|788
38|203
627|250
424|442
250.03|789
682|V10
285|E879
995|490
577|250.12
53|562
590|403
280|288
599|E932
403|799
427|553
574|70
682|V09
250.02|782
347|414
599|566
250|501
997|293
242|428
188|276
808|496
38|197
E888|564
135|250.02
359|250
293|593
200|250.01
656|658
813|250
491|38
250.81|8
414|309
112|290
162|112
276|516
516|414
456|305
427|174
599|279
784|198
286|590
402|276
536|584
831|920
733|564
372|272
496|625
197|552
427|292
648|250.91
805|285
402|396
250.01|293
560|787
276|V11
V85|V45
682|V42
627|752
250.13|584
518|710
434|413
496|437
292|428
40|38
733|716
794|794
785|731
304|357
426|295
998|614
788|604
E885|813
250.13|649
595|V85
284|572
787|110
780|185
438|453
250.02|620
250.41|758
576|401
427|70
571|491
250.6|537
V62|250.6
280|290
491|616
746|272
V42|250.02
424|296
586|250
507|585
402|V58
595|401
286|414
426|E942
397|511
204|197
292|E950
437|715
493|585
42|303
530|280
112|535
786|426
507|787
244|331
348|736
648|54
280|412
337|403
311|593
338|401
340|788
416|425
285|537
996|V12
493|V12
475|401
E933|183
492|600
411|593
719|276
414|437
518|285
781|715
8|304
458|426
790|185
112|427
511|466
295|560
411|292
968|E855
250.4|285
301|780
812|E849
416|285
250.02|753
70|397
568|584
808|E812
999|414
250.82|730
402|530
728|492
437|428
852|E888
250.6|491
576|427
873|780
427|794
910|E819
401|568
70|V43
401|553
491|196
250.02|301
707|261
202|787
599|618
567|250
263|250.03
997|E849
295|290
291|365
354|873
199|211
279|780
V58|443
E888|250.6
969|?
998|278
788|618
V57|428
V49|515
250.02|435
616|286
292|250.02
557|584
412|794
574|228
410|995
552|428
401|E888
250|E884
413|70
820|410
70|250.02
425|733
861|808
511|599
244|791
294|780
998|518
E816|682
996|998
784|276
285|V44
253|424
591|V44
812|518
V42|426
790|404
707|435
492|438
196|211
413|250.53
833|842
682|591
427|506
250.8|696
458|465
295|331
250.8|492
V42|250.4
208|414
70|799
286|286
253|427
698|E935
486|291
150|70
584|E930
411|V15
486|425
287|204
403|189
820|250
250.01|54
250.03|425
785|331
515|E885
729|782
786|789
860|401
266|782
250.22|584
568|553
303|197
573|250.01
250.02|412
401|V85
785|V12
41|255
155|275
711|280
368|378
512|998
462|593
250.6|813
724|250.02
285|424
492|997
537|250.13
E939|332
286|294
733|722
250.02|569
416|426
707|348
425|203
493|410
581|250.6
250.7|696
566|578
427|621
493|349
788|783
785|577
710|511
461|401
250.22|491
250.7|730
403|296
799|441
584|528
411|557
197|280
730|E930
288|437
250.12|205
510|491
459|E934
996|250.51
250.83|428
280|466
577|536
518|337
557|428
250.6|402
295|574
820|823
806|584
707|715
573|V85
345|250.6
250.12|295
94|414
150|414
250|185
576|135
729|359
E944|386
260|359
785|174
493|813
682|?
345|414
294|348
198|424
487|250.02
196|425
802|294
280|42
511|291
263|496
412|780
599|E947
276|482
496|214
994|465
250.42|786
518|112
348|202
202|820
569|600
411|155
196|188
844|250
998|786
250.6|642
38|415
413|292
276|E943
585|455
585|V43
433|729
491|473
250.01|656
250.41|785
599|346
250.03|493
682|916
453|462
781|278
584|787
312|301
428|625
642|250.4
427|507
719|E888
V43|V45
?|V43
368|300
342|437
402|466
276|214
590|344
710|250.5
496|183
515|492
250.8|496
584|E932
179|250
413|715
567|997
425|285
574|E933
714|401
285|574
413|486
304|723
250.01|794
V85|287
250.02|536
413|708
286|496
250.6|426
507|263
511|478
496|V58
592|412
466|799
789|530
292|70
162|558
331|518
425|294
906|351
V45|429
507|729
486|70
711|731
342|276
285|491
E915|438
530|410
786|331
799|410
799|438
301|724
285|996
486|785
414|185
425|788
303|692
493|578
518|404
250.03|304
780|250.82
482|262
550|455
576|426
250.01|V44
599|202
515|416
725|401
714|733
294|991
E812|401
288|E933
428|E880
V10|412
584|E942
443|595
999|567
535|458
401|435
785|162
780|286
780|250.03
397|411
753|412
596|601
411|447
569|567
250|54
780|715
337|443
491|197
250.12|278
466|584
570|577
707|560
401|331
873|922
452|573
138|250.6
250.11|487
V45|584
250.03|642
924|250
511|785
962|E858
530|790
285|V10
438|287
599|250.4
432|780
398|599
386|402
486|?
552|250
511|860
136|112
416|423
426|558
998|453
428|955
789|438
276|291
786|303
404|250.01
490|530
V45|788
440|681
788|272
823|959
427|V85
276|225
E878|305
191|401
287|V09
112|558
998|788
482|584
396|784
593|585
162|799
515|501
431|401
289|458
581|780
552|250.6
473|331
E880|285
117|?
496|291
611|401
577|211
284|432
786|41
41|558
287|486
338|368
590|584
799|250.6
250|709
924|923
E888|V58
250.6|244
403|311
707|296
414|477
781|305
584|300
285|710
250.03|655
553|305
786|492
296|V85
790|E942
42|455
284|578
E817|305
789|623
342|250.92
491|V65
286|V65
434|997
585|E888
250.01|716
473|780
496|150
250.01|577
530|441
53|401
518|250.52
518|196
305|250.12
250.01|996
823|873
E881|E849
601|596
470|305
441|492
444|511
285|426
378|250
293|403
263|162
250.03|282
784|?
996|250.13
569|250.01
550|553
437|V42
140|787
682|38
404|780
70|V12
496|730
401|627
486|560
250.6|397
616|614
250.51|411
789|535
250.92|434
568|620
411|240
607|V10
E936|250
8|112
E853|965
486|286
?|959
E935|280
432|585
E879|411
78|75
V42|41
780|362
403|473
279|496
198|403
250.82|8
560|289
112|465
571|780
786|518
368|438
70|473
496|794
401|327
397|824
482|250.42
156|599
682|135
438|784
V42|787
787|786
596|428
491|V42
197|495
599|337
453|799
722|789
396|785
426|518
410|242
816|883
295|458
566|682
152|197
250.13|599
427|303
250.5|250.8
303|972
496|250.82
573|V10
403|211
850|780
410|733
578|310
788|578
250.82|41
428|607
496|290
482|427
581|244
301|496
729|438
598|788
496|279
518|619
482|250.02
787|584
E888|428
584|435
518|303
305|410
599|454
425|E849
276|42
486|263
415|696
424|?
427|150
276|156
E935|428
486|412
821|464
?|530
276|E819
138|E849
299|250.83
263|250.6
203|453
496|332
996|278
250.01|298
V10|V44
746|285
682|515
250|348
427|713
280|440
425|517
560|E849
486|396
204|424
296|411
463|780
717|250
305|E950
456|707
710|276
250.6|250.81
428|211
295|788
424|41
977|276
576|518
250.02|924
574|705
820|401
250.7|998
560|574
283|202
614|401
E879|403
296|244
536|403
E878|411
413|564
196|242
202|593
411|250.7
491|810
38|250.83
465|473
250.01|368
425|458
197|425
E931|789
581|250.52
560|386
531|?
780|E858
414|250.4
714|593
507|996
590|112
592|410
411|596
276|716
427|310
357|244
531|496
515|599
428|959
491|593
276|351
V43|427
E939|250
V09|496
E888|715
646|648
202|584
394|397
585|E947
614|614
427|365
593|275
294|V42
292|41
485|112
491|263
70|433
342|433
276|250.7
710|736
646|250.02
574|737
314|313
536|345
453|E879
493|292
434|250.8
396|331
507|482
196|255
564|733
425|250.7
E931|414
576|70
567|404
204|250.02
250.01|150
574|799
428|E888
172|571
250|411
569|250.92
250.81|427
569|V45
305|453
789|783
799|V46
710|558
416|404
728|V12
576|575
599|820
424|511
V85|710
801|496
285|784
787|V64
359|342
424|568
211|V72
250.92|948
493|716
591|564
781|244
403|331
259|250
486|295
295|789
790|892
493|464
250|135
250|698
250|369
427|233
293|250.01
492|487
365|250.51
277|250.02
998|250.7
153|599
796|E942
E878|511
E927|707
V42|786
250.01|443
682|695
214|716
438|592
516|428
530|250.92
250.02|824
250.6|E849
790|787
E942|280
357|V49
996|584
290|332
V10|V10
574|250.92
141|196
566|995
680|585
250.01|8
250.51|614
250.01|V54
250.92|512
995|596
197|493
152|707
441|411
263|493
263|404
250.6|447
625|624
581|401
V64|280
656|647
38|786
250.02|426
202|790
996|V45
344|344
707|934
425|578
250.42|414
599|345
921|250
E942|786
584|510
491|250.82
535|300
250.6|280
998|996
560|197
295|V08
V85|438
E849|912
682|250.11
287|413
726|733
682|337
295|715
428|575
520|623
305|278
607|786
427|327
162|172
414|112
250.01|883
E885|414
198|591
293|280
583|?
292|404
919|250
278|250.8
599|250.03
E944|250
250.92|211
285|618
340|596
996|250.7
570|428
567|153
873|E884
251|599
998|250.82
756|401
593|593
425|784
788|594
287|784
348|707
518|562
592|338
401|V17
785|481
781|294
135|437
571|572
440|292
496|V57
715|781
250.01|617
491|485
552|552
496|204
574|242
410|E935
250.12|560
620|458
?|428
682|523
577|595
198|331
250.42|707
250.91|655
197|278
200|427
153|493
8|574
250.6|558
420|427
453|455
871|401
621|614
621|250.8
307|250.6
786|425
253|692
482|511
386|437
205|438
515|682
453|185
250|287
250.82|568
434|440
218|617
286|571
920|202
250.02|V27
424|807
530|780
272|288
427|250.52
728|272
244|600
714|?
250.8|731
410|823
276|543
V45|V58
348|412
486|150
648|658
V10|250.8
280|785
250.83|780
460|785
319|438
560|298
416|435
V53|427
283|443
276|555
599|397
340|996
428|350
41|250.43
682|286
427|573
585|250.8
780|333
574|575
782|414
805|250
530|250.01
508|486
277|278
558|785
491|250.41
426|998
745|401
910|916
707|340
599|873
599|336
424|225
595|618
518|484
641|648
518|611
?|278
572|401
823|250
250.52|584
428|719
250.02|410
E900|491
438|414
250.92|478
585|442
535|414
250|362
996|250.01
413|530
453|V58
276|340
836|250
250.8|V10
414|781
599|295
348|511
V42|425
860|250.01
907|250
250.42|453
293|799
276|567
729|710
403|847
799|728
V10|780
535|357
280|V10
434|518
250.02|V46
784|E935
599|299
411|V85
E939|401
789|112
70|707
448|401
583|581
585|729
434|781
865|860
531|414
997|599
276|380
466|V43
852|285
276|299
780|E944
424|250.52
535|537
567|571
576|599
426|584
292|518
573|255
278|287
280|581
496|E881
403|197
710|786
437|923
578|202
486|478
250.01|694
280|V14
278|403
317|244
616|620
42|E878
250.01|560
562|282
491|250.4
788|331
250.03|786
413|E885
285|E884
789|496
730|998
491|250.7
284|285
E878|724
681|403
211|280
297|298
591|365
411|250.5
250.02|844
576|38
41|250.7
578|577
196|278
593|491
507|E878
736|427
197|250.92
V58|244
156|707
511|571
358|305
680|680
821|250
433|599
398|491
455|211
611|610
250.82|411
719|E880
458|780
285|727
453|153
524|250.92
447|411
790|278
432|250
493|250.53
416|327
518|250.8
550|401
42|808
786|278
V12|496
786|607
303|298
250.01|710
287|V70
V85|272
V15|V45
285|511
642|250.01
659|426
295|518
331|244
162|852
998|719
38|567
287|295
788|598
428|924
493|424
722|530
250.01|138
276|E947
852|599
536|?
401|681
401|790
557|427
577|998
531|342
198|729
805|296
425|569
V58|522
250.01|512
V44|V45
578|574
781|V58
435|?
250.11|250.81
598|605
250.01|288
?|250.6
780|8
707|E879
250.92|424
250.8|344
446|788
345|428
427|189
515|357
427|274
414|521
305|953
581|272
41|453
486|296
305|731
425|196
362|185
70|599
560|305
434|425
722|403
496|578
286|562
581|585
707|279
431|518
782|511
593|596
250|174
745|250.4
285|246
404|278
595|560
430|780
716|401
275|303
250|420
707|533
273|414
414|562
552|V64
562|427
780|250.8
250.02|282
38|250.81
E849|278
E884|401
112|V65
305|250.6
466|305
723|342
530|250.02
577|135
250.01|736
185|197
428|692
486|434
799|E932
397|584
590|70
730|681
998|196
V85|285
276|E937
427|455
276|V14
250|V18
185|441
E934|486
707|311
250.01|V12
250.01|664
250.81|585
54|402
V70|V45
242|715
135|8
V62|276
196|289
648|653
250|E888
394|305
162|733
303|682
427|255
250.41|413
288|787
289|250.02
185|562
789|38
402|411
496|560
303|731
V65|401
729|?
250|490
562|493
428|V53
343|276
578|515
492|473
486|281
250.01|V02
428|300
337|530
723|721
920|250
592|295
842|E888
250.22|799
215|250
38|E878
790|250.4
796|250.6
262|V10
627|250.6
444|250.02
788|710
291|296
415|V85
396|250.02
492|250.93
794|250.8
255|179
729|354
378|272
729|305
574|V10
496|862
576|414
577|582
250.02|737
250|246
250|920
250.6|722
250.93|789
781|424
560|280
8|E931
425|V12
427|436
998|403
790|153
562|211
571|696
493|416
730|8
250|E881
799|112
642|250.53
E935|250
789|577
832|812
285|311
482|411
733|578
428|E930
135|722
426|362
250.02|359
998|198
733|780
250.5|272
780|571
552|998
576|250.4
250.13|491
276|V54
412|272
191|250
250|647
250.41|584
491|569
440|V44
38|278
263|466
287|458
466|487
995|380
250.42|401
296|785
295|558
287|V43
566|569
786|V10
197|724
8|785
493|338
289|793
401|241
42|577
607|?
287|462
531|285
295|535
584|453
722|429
250.81|428
458|293
518|996
352|493
287|496
585|138
285|281
198|583
440|429
112|112
812|305
487|401
578|244
357|780
250.01|916
780|411
511|281
285|747
304|507
238|284
566|730
998|V57
729|427
425|E878
710|V45
411|V12
575|575
410|784
403|788
79|V61
E906|E849
340|427
799|E912
250.6|211
752|?
746|427
453|425
717|727
304|710
303|294
E905|E849
112|428
261|424
714|278
728|511
783|493
250.03|518
250.02|658
600|996
424|70
287|493
286|719
335|787
138|780
436|781
733|438
41|?
250|605
575|V46
462|414
348|275
357|794
250.51|969
440|V58
428|E944
E950|427
250|536
V49|250.8
788|366
530|571
413|438
250.92|38
728|250.92
287|41
273|496
873|E812
812|414
482|401
294|332
737|715
162|287
724|276
303|250.12
280|300
584|E935
924|E816
493|511
574|584
282|E885
V08|401
304|536
872|385
576|112
250.82|V58
410|433
998|564
427|369
112|707
401|411
331|250.52
573|414
V57|410
568|285
530|496
276|383
515|783
358|250.6
599|318
799|348
707|823
162|599
383|388
402|511
724|218
42|427
571|535
512|157
250.02|805
250|389
41|915
V85|296
280|135
401|202
738|724
285|438
444|442
491|327
V63|42
202|515
527|401
332|493
532|250
511|423
250.02|893
583|276
614|V45
692|250
411|198
584|601
425|410
V58|289
433|79
521|250
423|V45
648|250.9
411|458
424|440
287|574
575|584
780|924
486|250.42
307|276
591|250.4
556|280
250.8|272
382|401
784|250.8
826|250.6
197|287
845|428
150|413
276|E826
414|787
295|614
410|794
401|E932
198|425
188|199
576|576
693|433
337|722
401|555
304|301
112|79
682|458
807|250
934|414
785|205
787|402
250.93|428
599|440
V85|493
401|V62
572|112
291|112
V10|428
276|240
250.02|V06
707|593
729|530
250.92|266
8|278
276|174
250.7|250.82
V43|276
608|782
431|599
568|575
808|280
707|301
41|459
599|E944
998|627
250.6|781
517|571
710|285
807|296
424|799
786|V46
600|285
420|428
578|710
250.8|E939
263|401
V58|616
453|820
427|250.12
492|426
276|680
273|244
396|681
584|157
585|V64
557|414
530|358
710|244
403|733
410|786
310|296
250.6|625
707|42
515|737
276|V44
999|724
995|453
276|738
881|250
250.02|686
290|276
354|959
840|432
250.83|285
332|783
728|424
799|528
726|250.02
599|597
V45|404
453|535
314|303
461|250
280|411
578|403
524|584
290|401
465|403
205|276
486|382
444|V42
70|235
790|491
300|V63
70|906
424|250.03
780|E854
309|300
491|V12
518|286
536|288
42|287
?|707
282|401
411|333
324|285
110|692
285|273
250.02|472
507|250.01
427|250.4
584|250.2
443|707
568|427
781|285
250.01|416
920|910
575|574
788|553
799|198
507|486
279|250
540|250
V45|70
567|V15
342|424
592|427
403|288
599|576
288|790
287|355
456|287
E885|V45
599|203
852|E880
715|921
416|394
585|242
250.11|415
482|398
492|250.01
535|715
277|482
282|413
558|403
481|518
V42|250.92
998|425
592|252
E885|285
250.6|433
584|519
362|429
204|486
295|303
401|682
250.52|285
386|473
251|250
410|294
496|434
599|154
437|294
414|600
574|716
707|E885
220|401
V42|599
424|429
788|250.03
250.92|244
280|434
759|270
802|E816
411|250.51
